62.80999755859375 -1.6699999570846558
62.80999755859375 -1.6699999570846558
62.80999755859375 -1.6699999570846558
62.80999755859375 -1.6699999570846558
62.80999755859375 -1.6699999570846558
62.80999755859375 -1.6699999570846558
62.80999755859375 -1.6699999570846558
62.80999755859375 -1.6699999570846558
62.80999755859375 -1.6699999570846558
62.80999755859375 -1.6699999570846558
62.80999755859375 -1.6699999570846558
62.80999755859375 -1.6699999570846558
62.80999755859375 -1.6699999570846558
62.80999755859375 -1.6699999570846558
62.80999755859375 -1.6699999570846558
62.80999755859375 -1.6699999570846558
62.80999755859375 -1.6699999570846558
62.80999755859375 -1.6699999570846558
62.80999755859375 -1.6699999570846558
62.80999755859375 -1.6699999570846558
62.80999755859375 -1.6699999570846558
62.80999755859375 -1.6699999570846558
62.80999755859375 -1.6699999570846558
62.80999755859375 -1.6699999570846558
62.80999755859375 -1.6699999570846558
62.80999755859375 -1.6699999570846558
62.80999755859375 -1.6699999570846558
62.80999755859375 -1.6699999570846558
62.80999755859375 -1.6699999570846558
62.80999755859375 -1.6699999570846558
62.80999755859375 -1.6699999570846558
62.80999755859375 -1.6699999570846558
62.80999755859375 -1.6699999570846558
62.80999755859375 -1.6699999570846558
62.80999755859375 -1.6699999570846558
62.80999755859375 -1.6699999570846558
62.80999755859375 -1.6699999570846558
62.80999755859375 -1.6699999570846558
62.80999755859375 -1.6699999570846558
62.80999755859375 -1.6699999570846558
62.80999755859375 -1.6699999570846558
62.80999755859375 -1.6699999570846558
62.80999755859375 -1.6699999570846558
62.80999755859375 -1.6699999570846558
62.80999755859375 -1.6699999570846558
62.80999755859375 -1.6699999570846558
62.80999755859375 -1.6699999570846558
62.80999755859375 -1.6699999570846558
62.80999755859375 -1.6699999570846558
62.80999755859375 -1.6699999570846558
62.80999755859375 -1.6699999570846558
62.822914123535156 -1.6700003147125244
62.86492156982422 -1.6700000762939453
62.9339714050293 -1.6699999570846558
63.01604461669922 -1.6699998378753662
63.11355972290039 -1.6699998378753662
63.222625732421875 -1.669999599456787
63.35424041748047 -1.669999599456787
63.48794174194336 -1.6699994802474976
63.64487075805664 -1.669999361038208
63.80524826049805 -1.6699992418289185
63.98332214355469 -1.669999599456787
64.17031860351562 -1.6700003147125244
64.36854553222656 -1.670000672340393
64.57402801513672 -1.6700013875961304
64.79891204833984 -1.6700019836425781
65.02642822265625 -1.6700025796890259
65.23766326904297 -1.6700036525726318
65.45140838623047 -1.6700043678283691
65.66506958007812 -1.6700053215026855
65.87834167480469 -1.6700068712234497
66.09331512451172 -1.6700083017349243
66.30304718017578 -1.6700090169906616
66.5159683227539 -1.670009732246399
66.74247741699219 -1.670011281967163
66.94827270507812 -1.6700124740600586
67.16521453857422 -1.6700130701065063
67.38700103759766 -1.6700140237808228
67.61386108398438 -1.6700153350830078
67.84723663330078 -1.6700164079666138
68.08854675292969 -1.6700174808502197
68.37014770507812 -1.6700189113616943
68.63319396972656 -1.6700202226638794
68.92194366455078 -1.6700223684310913
69.2193374633789 -1.6700245141983032
69.51880645751953 -1.6700266599655151
69.8619384765625 -1.6700294017791748
70.1630859375 -1.670032262802124
70.48623657226562 -1.6700352430343628
70.80928039550781 -1.6700387001037598
71.1278305053711 -1.6700422763824463
71.43285369873047 -1.6700458526611328
71.77934265136719 -1.6700495481491089
72.10018157958984 -1.6700533628463745
72.40921020507812 -1.6700570583343506
72.73046112060547 -1.6700608730316162
73.07132720947266 -1.6700644493103027
73.40894317626953 -1.6700682640075684
73.71432495117188 -1.6700719594955444
74.03618621826172 -1.6700756549835205
74.3653793334961 -1.6700794696807861
74.7184829711914 -1.6700831651687622
75.03499603271484 -1.6700867414474487
75.36787414550781 -1.6700905561447144
75.69606018066406 -1.670094609260559
76.01719665527344 -1.6700984239578247
76.34693908691406 -1.6701022386550903
76.654541015625 -1.670106053352356
76.98796081542969 -1.6701098680496216
77.28666687011719 -1.670113444328308
77.57750701904297 -1.6701170206069946
77.8980484008789 -1.6701208353042603
78.22579193115234 -1.6701246500015259
78.51936340332031 -1.6701278686523438
78.802490234375 -1.6701308488845825
79.09458923339844 -1.6701340675354004
79.37425231933594 -1.6701371669769287
79.67670440673828 -1.6701403856277466
79.95401000976562 -1.6701431274414062
80.23473358154297 -1.6701463460922241
80.52542877197266 -1.670149326324463
80.80668640136719 -1.6701518297195435
81.10637664794922 -1.6701548099517822
81.36592102050781 -1.6701574325561523
81.62391662597656 -1.6701598167419434
81.87396240234375 -1.6701622009277344
82.12361907958984 -1.6701641082763672
82.39805603027344 -1.673662781715393
82.65874481201172 -1.683023452758789
82.92363739013672 -1.6958681344985962
83.16913604736328 -1.709928035736084
83.41539764404297 -1.7258039712905884
83.65589904785156 -1.746053695678711
83.88460540771484 -1.7718944549560547
84.13853454589844 -1.805477261543274
84.3724365234375 -1.840057373046875
84.60003662109375 -1.879389762878418
84.84132385253906 -1.9301567077636719
85.05210876464844 -1.9801048040390015
85.26535034179688 -2.0350849628448486
85.4747085571289 -2.093219757080078
85.6942367553711 -2.1584999561309814
85.91487884521484 -2.2317557334899902
86.129150390625 -2.3130381107330322
86.3321762084961 -2.397094488143921
86.5248031616211 -2.482501745223999
86.72416687011719 -2.5796902179718018
86.907958984375 -2.6800684928894043
87.11056518554688 -2.8008737564086914
87.29273223876953 -2.9177238941192627
87.45750427246094 -3.0301976203918457
87.63713073730469 -3.16467022895813
87.80116271972656 -3.302216053009033
87.95036315917969 -3.4380526542663574
88.09410858154297 -3.578508138656616
88.2363052368164 -3.731947183609009
88.37034606933594 -3.8958537578582764
88.49044799804688 -4.058470726013184
88.5987548828125 -4.218385219573975
88.70183563232422 -4.384036540985107
88.8014144897461 -4.558615207672119
88.88543701171875 -4.719648361206055
88.97360229492188 -4.905168056488037
89.0486831665039 -5.0799174308776855
89.11479949951172 -5.2507758140563965
89.17861938476562 -5.435120582580566
89.23065185546875 -5.60507869720459
89.2769775390625 -5.777353763580322
89.31655883789062 -5.947364330291748
89.35343170166016 -6.135325908660889
89.3817367553711 -6.313040733337402
89.40409088134766 -6.494090557098389
89.41828155517578 -6.65212869644165
89.42778015136719 -6.81487512588501
89.43213653564453 -6.97809362411499
89.43160247802734 -7.127856731414795
89.42659759521484 -7.279399871826172
89.4173583984375 -7.427626132965088
89.40382385253906 -7.575708866119385
89.38494873046875 -7.731372356414795
89.36155700683594 -7.885007381439209
89.33346557617188 -8.038084983825684
89.30484771728516 -8.172151565551758
89.27213287353516 -8.30733585357666
89.23285675048828 -8.451869010925293
89.19622802734375 -8.573493957519531
89.15870666503906 -8.68791675567627
89.11741638183594 -8.80436897277832
89.07450866699219 -8.934021949768066
89.04600524902344 -9.053664207458496
89.0290298461914 -9.180342674255371
89.02186584472656 -9.304718017578125
89.01637268066406 -9.437305450439453
89.01217651367188 -9.549491882324219
89.0082778930664 -9.659724235534668
89.00408935546875 -9.785452842712402
89.00035095214844 -9.902313232421875
88.99669647216797 -10.019579887390137
88.99305725097656 -10.138840675354004
88.98927307128906 -10.262716293334961
88.98528289794922 -10.394051551818848
88.9813461303711 -10.52274227142334
88.97702026367188 -10.663055419921875
88.9725570678711 -10.806907653808594
88.9669189453125 -10.98816967010498
88.96135711669922 -11.166263580322266
88.95548248291016 -11.353096961975098
88.9493408203125 -11.548223495483398
88.94314575195312 -11.745113372802734
88.9364242553711 -11.957799911499023
88.92898559570312 -12.19318962097168
88.92060089111328 -12.457852363586426
88.91221618652344 -12.723493576049805
88.90279388427734 -13.02140998840332
88.89398193359375 -13.300517082214355
88.88462829589844 -13.596471786499023
88.87539672851562 -13.88897705078125
88.86611938476562 -14.182854652404785
88.85564422607422 -14.514718055725098
88.84568786621094 -14.829900741577148
88.83642578125 -15.123469352722168
88.82622528076172 -15.446524620056152
88.81642150878906 -15.75770092010498
88.80728912353516 -16.04669189453125
88.79781341552734 -16.347469329833984
88.78871154785156 -16.636201858520508
88.77935028076172 -16.93267059326172
88.76968383789062 -17.238937377929688
88.76025390625 -17.538145065307617
88.7514419555664 -17.817058563232422
88.74297332763672 -18.085294723510742
88.73452758789062 -18.352802276611328
88.72547912597656 -18.639867782592773
88.71658325195312 -18.921619415283203
88.70710754394531 -19.221599578857422
88.69831848144531 -19.50067138671875
88.6896743774414 -19.774383544921875
88.68098449707031 -20.04954719543457
88.67276000976562 -20.310192108154297
88.66375732421875 -20.595516204833984
88.65862274169922 -20.85291862487793
88.65460968017578 -21.12061882019043
88.64759826660156 -21.413625717163086
88.64004516601562 -21.704790115356445
88.63314056396484 -21.96807098388672
88.62565612792969 -22.253629684448242
88.62222290039062 -22.494491577148438
88.62521362304688 -22.768795013427734
88.62611389160156 -23.02100944519043
88.623291015625 -23.291711807250977
88.61995697021484 -23.54319953918457
88.61656188964844 -23.787677764892578
88.61326599121094 -24.021528244018555
88.60962677001953 -24.276273727416992
88.60626983642578 -24.509077072143555
88.60305786132812 -24.729400634765625
88.59961700439453 -24.962247848510742
88.59623718261719 -25.190698623657227
88.592529296875 -25.43880844116211
88.58912658691406 -25.66527557373047
88.58587646484375 -25.882387161254883
88.58241271972656 -26.113170623779297
88.57878875732422 -26.35679817199707
88.574951171875 -26.613792419433594
88.57097625732422 -26.879011154174805
88.56769561767578 -27.0989933013916
88.56413269042969 -27.33733367919922
88.56053161621094 -27.57786750793457
88.55695343017578 -27.817861557006836
88.5531005859375 -28.075807571411133
88.54945373535156 -28.321054458618164
88.54559326171875 -28.57900047302246
88.54155731201172 -28.849105834960938
88.53738403320312 -29.129119873046875
88.53323364257812 -29.406930923461914
88.52887725830078 -29.699413299560547
88.52387237548828 -30.03407096862793
88.51886749267578 -30.369516372680664
88.51374816894531 -30.7120361328125
88.50887298583984 -31.0383243560791
88.5040512084961 -31.360496520996094
88.4993667602539 -31.67470932006836
88.49471282958984 -31.986251831054688
88.4904556274414 -32.271881103515625
88.48619842529297 -32.556427001953125
88.48091888427734 -32.91072082519531
88.47657775878906 -33.20136260986328
88.47179412841797 -33.5217399597168
88.46696472167969 -33.845314025878906
88.46257781982422 -34.140098571777344
88.45851135253906 -34.411930084228516
88.45472717285156 -34.66550064086914
88.4510726928711 -34.91024398803711
88.44761657714844 -35.142086029052734
88.44424438476562 -35.36725997924805
88.44071197509766 -35.60454177856445
88.43705749511719 -35.849952697753906
88.4337158203125 -36.07334518432617
88.4302978515625 -36.30304718017578
88.42718505859375 -36.51190185546875
88.4239730834961 -36.72649383544922
88.42084503173828 -36.93537902832031
88.41767120361328 -37.14893341064453
88.41426849365234 -37.37725067138672
88.41093444824219 -37.59926223754883
88.40750122070312 -37.83009338378906
88.40412139892578 -38.0560302734375
88.40081787109375 -38.277732849121094
88.39700317382812 -38.53335189819336
88.39318084716797 -38.78847885131836
88.38944244384766 -39.0394287109375
88.38568878173828 -39.29061508178711
88.38160705566406 -39.564231872558594
88.3777847290039 -39.82084274291992
88.3735122680664 -40.106693267822266
88.36949157714844 -40.37635803222656
88.36544036865234 -40.64813232421875
88.36135864257812 -40.92106628417969
88.35669708251953 -41.232994079589844
88.35220336914062 -41.53468704223633
88.34742736816406 -41.85395812988281
88.34281158447266 -42.16331100463867
88.33846282958984 -42.45460510253906
88.33428192138672 -42.7333869934082
88.32998657226562 -43.02186584472656
88.32588958740234 -43.29738998413086
88.32170867919922 -43.57697677612305
88.31755828857422 -43.85480499267578
88.31331634521484 -44.13960266113281
88.30912017822266 -44.41938018798828
88.30459594726562 -44.721946716308594
88.30049896240234 -44.99739456176758
88.29634857177734 -45.275569915771484
88.29190063476562 -45.5723876953125
88.287841796875 -45.844085693359375
88.2835922241211 -46.12940979003906
88.27964782714844 -46.39286422729492
88.27539825439453 -46.67767333984375
88.2711410522461 -46.96156311035156
88.26730346679688 -47.21900177001953
88.26335906982422 -47.48352813720703
88.25921630859375 -47.76190185546875
88.25531005859375 -48.0230712890625
88.25115966796875 -48.29964065551758
88.24742889404297 -48.54951858520508
88.24324035644531 -48.82963943481445
88.23904418945312 -49.11138916015625
88.23529052734375 -49.36264419555664
88.23141479492188 -49.621849060058594
88.22761535644531 -49.87665939331055
88.22370910644531 -50.13899230957031
88.22017669677734 -50.37565231323242
88.21614074707031 -50.64623260498047
88.21526336669922 -50.88029098510742
88.2152328491211 -51.1177864074707
88.21320343017578 -51.375125885009766
88.21086883544922 -51.61266326904297
88.20853424072266 -51.839813232421875
88.20594787597656 -52.08982467651367
88.2032470703125 -52.34785079956055
88.20085906982422 -52.57688522338867
88.1980972290039 -52.83772659301758
88.19570922851562 -53.06123352050781
88.1932373046875 -53.29222106933594
88.19087982177734 -53.51485824584961
88.1884765625 -53.738773345947266
88.1861572265625 -53.95493698120117
88.18390655517578 -54.1651496887207
88.18165588378906 -54.37464141845703
88.17948913574219 -54.5760498046875
88.17721557617188 -54.78791809082031
88.17469787597656 -55.021976470947266
88.1722183227539 -55.25293731689453
88.169677734375 -55.48949432373047
88.16709899902344 -55.730491638183594
88.1644058227539 -55.98126983642578
88.16158294677734 -56.24501419067383
88.15885925292969 -56.49813461303711
88.1559829711914 -56.76621627807617
88.15312194824219 -57.03261947631836
88.15003967285156 -57.32050704956055
88.14698791503906 -57.60451889038086
88.14376831054688 -57.90524673461914
88.1402587890625 -58.2326545715332
88.13661193847656 -58.573509216308594
88.1329116821289 -58.91891098022461
88.12894439697266 -59.28839874267578
88.12503051757812 -59.652889251708984
88.12105560302734 -60.02353286743164
88.11687469482422 -60.41268539428711
88.11311340332031 -60.76290512084961
88.1088638305664 -61.15877914428711
88.10478973388672 -61.53843688964844
88.10054779052734 -61.93417739868164
88.0994873046875 -62.38001251220703
88.1009750366211 -62.83152389526367
88.1004867553711 -63.25556945800781
88.09947967529297 -63.69153594970703
88.09840393066406 -64.13622283935547
88.09748840332031 -64.5456771850586
88.09657287597656 -64.97758483886719
88.09571075439453 -65.40470886230469
88.0948257446289 -65.86638641357422
88.093994140625 -66.30685424804688
88.09320831298828 -66.7259521484375
88.09236145019531 -67.17888641357422
88.09156036376953 -67.59862518310547
88.09086608886719 -67.9662857055664
88.09013366699219 -68.34908294677734
88.08937072753906 -68.73805236816406
88.08856964111328 -69.13739013671875
88.08781433105469 -69.533203125
88.08699035644531 -69.94375610351562
88.08621978759766 -70.32462310791016
88.08539581298828 -70.72862243652344
88.0845718383789 -71.14458465576172
88.08377075195312 -71.5462417602539
88.0829849243164 -71.93571472167969
88.08224487304688 -72.30901336669922
88.08154296875 -72.66545104980469
88.08084106445312 -73.01636505126953
88.08009338378906 -73.38640594482422
88.07942962646484 -73.7249526977539
88.07876586914062 -74.0513916015625
88.07806396484375 -74.40275573730469
88.07740020751953 -74.74159240722656
88.07669830322266 -75.09529876708984
88.07606506347656 -75.41893768310547
88.07538604736328 -75.75148010253906
88.07472229003906 -76.092529296875
88.07730102539062 -76.42425537109375
88.0858383178711 -76.74274444580078
88.0988540649414 -77.07006072998047
88.11100769042969 -77.41866302490234
88.11894226074219 -77.74034118652344
88.12535858154297 -78.0291748046875
88.13139343261719 -78.30900573730469
88.1380844116211 -78.62062072753906
88.14512634277344 -78.94847869873047
88.15139770507812 -79.24198913574219
88.15830993652344 -79.56885528564453
88.16481018066406 -79.87823486328125
88.1713638305664 -80.1922378540039
88.17721557617188 -80.47417449951172
88.18299865722656 -80.75484466552734
88.1884765625 -81.0208511352539
88.19461822509766 -81.3200912475586
88.20098114013672 -81.63101196289062
88.20669555664062 -81.9104995727539
88.21222686767578 -82.18143463134766
88.21892547607422 -82.509521484375
88.22506713867188 -82.80977630615234
88.2320327758789 -83.15023040771484
88.2384262084961 -83.46248626708984
88.24505615234375 -83.78627014160156
88.25188446044922 -84.12047576904297
88.2590103149414 -84.46858978271484
88.265869140625 -84.80426788330078
88.27355194091797 -85.17990112304688
88.28145599365234 -85.56645965576172
88.28893280029297 -85.93217468261719
88.29690551757812 -86.32127380371094
88.3056411743164 -86.74810028076172
88.31378936767578 -87.14611053466797
88.32293701171875 -87.59354400634766
88.33241271972656 -88.05585479736328
88.34125518798828 -88.48773193359375
88.35086059570312 -88.95675659179688
88.3603515625 -89.4205322265625
88.370849609375 -89.93321228027344
88.380126953125 -90.38605499267578
88.39006042480469 -90.87126922607422
88.39949798583984 -91.33309173583984
88.40877532958984 -91.78643035888672
88.4188232421875 -92.27735137939453
88.4296875 -92.80805206298828
88.43962860107422 -93.29493713378906
88.45071411132812 -93.8367919921875
88.46104431152344 -94.34188079833984
88.47223663330078 -94.88823699951172
88.48536682128906 -95.53018951416016
88.49797058105469 -96.14643096923828
88.50991821289062 -96.73046875
88.52080535888672 -97.26272583007812
88.53213500976562 -97.81682586669922
88.54351043701172 -98.37330627441406
88.55422973632812 -98.89746856689453
88.56533813476562 -99.4411392211914
88.57628631591797 -99.97615051269531
88.58688354492188 -100.49483489990234
88.597900390625 -101.03311920166016
88.60862731933594 -101.55821990966797
88.61882781982422 -102.05657196044922
88.63021087646484 -102.61297607421875
88.64175415039062 -103.17760467529297
88.651611328125 -103.65985107421875
88.66160583496094 -104.14910125732422
88.67142486572266 -104.62911987304688
88.68130493164062 -105.11268615722656
88.69105529785156 -105.58905029296875
88.7011489868164 -106.08270263671875
88.71041107177734 -106.5350570678711
88.7200927734375 -107.00900268554688
88.72949981689453 -107.46810913085938
88.73986053466797 -107.97440338134766
88.7499008178711 -108.46488952636719
88.75889587402344 -108.90457153320312
88.76805114746094 -109.352294921875
88.77737426757812 -109.80769348144531
88.78666687011719 -110.26215362548828
88.79641723632812 -110.73851013183594
88.80516052246094 -111.16581726074219
88.8135986328125 -111.57848358154297
88.82207489013672 -111.99293518066406
88.8304214477539 -112.40033721923828
88.83878326416016 -112.80965423583984
88.8477554321289 -113.2479476928711
88.85609436035156 -113.65522003173828
88.86412811279297 -114.04806518554688
88.87210083007812 -114.43701171875
88.87975311279297 -114.81106567382812
88.88755798339844 -115.19205474853516
88.8954849243164 -115.57984161376953
88.90360260009766 -115.97634887695312
88.91136169433594 -116.3561019897461
88.92015075683594 -116.7853775024414
88.92900848388672 -117.2177963256836
88.9372329711914 -117.61978149414062
88.94637298583984 -118.06663513183594
88.95550537109375 -118.51189422607422
88.96419525146484 -118.937255859375
88.97360229492188 -119.39704895019531
88.98268127441406 -119.84102630615234
88.99254608154297 -120.32240295410156
89.00186157226562 -120.81544494628906
89.0104751586914 -121.26292419433594
89.01985168457031 -121.77137756347656
89.0284194946289 -122.24546813964844
89.03656005859375 -122.69929504394531
89.04633331298828 -123.24325561523438
89.05249786376953 -123.75357055664062
89.05198669433594 -124.28287506103516
89.04549407958984 -124.79341888427734
89.03865051269531 -125.30362701416016
89.03341674804688 -125.8271713256836
89.02779388427734 -126.41861724853516
89.02215576171875 -126.96861267089844
89.01588439941406 -127.5256118774414
89.00930786132812 -128.06719970703125
89.00249481201172 -128.59703063964844
88.99463653564453 -129.1858367919922
88.98783874511719 -129.6818389892578
88.98076629638672 -130.18832397460938
88.97328186035156 -130.71910095214844
88.9660415649414 -131.22921752929688
88.95887756347656 -131.73074340820312
88.95132446289062 -132.25807189941406
88.94409942626953 -132.7611846923828
88.93677520751953 -133.27098083496094
88.92928314208984 -133.79119873046875
88.92262268066406 -134.25355529785156
88.91545867919922 -134.7510528564453
88.90778350830078 -135.28318786621094
88.9010009765625 -135.75332641601562
88.89397430419922 -136.2407684326172
88.8875503540039 -136.68626403808594
88.8803482055664 -137.1856689453125
88.8741683959961 -137.613525390625
88.86774444580078 -138.0587615966797
88.86162567138672 -138.48252868652344
88.8553695678711 -138.91635131835938
88.84941864013672 -139.32852172851562
88.845703125 -139.7363739013672
88.84333801269531 -140.158203125
88.8396987915039 -140.607666015625
88.83565521240234 -141.06021118164062
88.83162689208984 -141.50743103027344
88.8278579711914 -141.93386840820312
88.82421875 -142.3545684814453
88.82099151611328 -142.73403930664062
88.81787872314453 -143.103271484375
88.8146743774414 -143.48654174804688
88.81124877929688 -143.8986053466797
88.80809020996094 -144.27957153320312
88.80506896972656 -144.64573669433594
88.80191040039062 -145.02671813964844
88.79894256591797 -145.3854522705078
88.7957763671875 -145.76596069335938
88.79280853271484 -146.1240997314453
88.78976440429688 -146.4905548095703
88.78672790527344 -146.8572235107422
88.78388214111328 -147.1998291015625
88.78095245361328 -147.5500030517578
88.77819061279297 -147.882568359375
88.77515411376953 -148.2465362548828
88.77223205566406 -148.59617614746094
88.7694320678711 -148.93321228027344
88.76651763916016 -149.2822265625
88.76365661621094 -149.62603759765625
88.76092529296875 -149.954833984375
88.75810241699219 -150.29385375976562
88.75548553466797 -150.60801696777344
88.75248718261719 -150.9673309326172
88.74940490722656 -151.33795166015625
88.74647521972656 -151.68772888183594
88.74382019042969 -152.00523376464844
88.74108123779297 -152.33424377441406
88.73857879638672 -152.63584899902344
88.7360610961914 -152.93807983398438
88.7333755493164 -153.2596893310547
88.7308120727539 -153.56744384765625
88.72792053222656 -153.91412353515625
88.725341796875 -154.22280883789062
88.72260284423828 -154.55079650878906
88.72008514404297 -154.85337829589844
88.7175064086914 -155.16246032714844
88.71470642089844 -155.4996795654297
88.71187591552734 -155.8385009765625
88.7091064453125 -156.17141723632812
88.70628356933594 -156.51080322265625
88.70341491699219 -156.8560333251953
88.7002944946289 -157.23106384277344
88.69727325439453 -157.59255981445312
88.69419860839844 -157.96188354492188
88.69094848632812 -158.3521270751953
88.68777465820312 -158.73275756835938
88.68450927734375 -159.1246337890625
88.6810073852539 -159.54539489746094
88.67794799804688 -159.91159057617188
88.67459869384766 -160.3136444091797
88.67118835449219 -160.72219848632812
88.66759490966797 -161.15338134765625
88.6636962890625 -161.62051391601562
88.66018676757812 -162.04161071777344
88.65678405761719 -162.44979858398438
88.65303802490234 -162.90016174316406
88.6490249633789 -163.38014221191406
88.64551544189453 -163.8017578125
88.64164733886719 -164.2643280029297
88.63798522949219 -164.7035675048828
88.63459014892578 -165.11070251464844
88.63115692138672 -165.5204315185547
88.62779235839844 -165.92539978027344
88.6241226196289 -166.3659210205078
88.62053680419922 -166.7946319580078
88.61713409423828 -167.20274353027344
88.61331176757812 -167.66116333007812
88.60987854003906 -168.07394409179688
88.6065902709961 -168.46917724609375
88.60317993164062 -168.87838745117188
88.5999984741211 -169.26010131835938
88.5968017578125 -169.64288330078125
88.5934066772461 -170.04983520507812
88.59020233154297 -170.43325805664062
88.58710479736328 -170.80221557617188
88.58382415771484 -171.1967315673828
88.58056640625 -171.587646484375
88.57750701904297 -171.9547882080078
88.57437133789062 -172.33120727539062
88.57125854492188 -172.70480346679688
88.57028198242188 -173.04345703125
88.57032012939453 -173.4400177001953
88.56938171386719 -173.79844665527344
88.56818389892578 -174.14195251464844
88.56696319580078 -174.4717559814453
88.565673828125 -174.82107543945312
88.56448364257812 -175.15509033203125
88.56327819824219 -175.49473571777344
88.5621109008789 -175.82791137695312
88.5609130859375 -176.17083740234375
88.55974578857422 -176.5051727294922
88.55854034423828 -176.8526153564453
88.55740356445312 -177.18368530273438
88.5562973022461 -177.505859375
88.55513763427734 -177.83670043945312
88.55400848388672 -178.1620330810547
88.55280303955078 -178.5051727294922
88.55171966552734 -178.81629943847656
88.5506362915039 -179.12367248535156
88.54946899414062 -179.45391845703125
88.54838562011719 -179.7661895751953
88.54729461669922 -180.0725860595703
88.5462875366211 -180.3580780029297
88.54519653320312 -180.66842651367188
88.54417419433594 -180.95486450195312
88.54317474365234 -181.24034118652344
88.54219818115234 -181.5147247314453
88.54118347167969 -181.8024444580078
88.54012298583984 -182.1009063720703
88.53914642333984 -182.3817596435547
88.53809356689453 -182.681396484375
88.53700256347656 -182.99339294433594
88.53602600097656 -183.26722717285156
88.53499603271484 -183.5503692626953
88.53398132324219 -183.8434600830078
88.53304290771484 -184.11412048339844
88.5321044921875 -184.38427734375
88.53121185302734 -184.64122009277344
88.53031158447266 -184.89637756347656
88.52938079833984 -185.1566162109375
88.52840423583984 -185.4379119873047
88.5274658203125 -185.70252990722656
88.52657318115234 -185.9581756591797
88.52561950683594 -186.22897338867188
88.52472686767578 -186.4862823486328
88.52375030517578 -186.7589569091797
88.52281188964844 -187.0207061767578
88.52191162109375 -187.2743377685547
88.52104949951172 -187.512939453125
88.5201187133789 -187.77952575683594
88.5191879272461 -188.0398406982422
88.51824951171875 -188.30677795410156
88.51734924316406 -188.56488037109375
88.5164566040039 -188.8168182373047
88.51555633544922 -189.06716918945312
88.51473236083984 -189.29640197753906
88.51383972167969 -189.5529022216797
88.51301574707031 -189.78076171875
88.51216888427734 -190.01907348632812
88.51134490966797 -190.24905395507812
88.51044464111328 -190.5032501220703
88.50962829589844 -190.73825073242188
88.50884246826172 -190.96311950683594
88.50806427001953 -191.18003845214844
88.50724792480469 -191.4108428955078
88.50646209716797 -191.6298065185547
88.50568389892578 -191.85255432128906
88.50489807128906 -192.07688903808594
88.50408172607422 -192.3117218017578
88.50334167480469 -192.52511596679688
88.50255584716797 -192.74295043945312
88.50173950195312 -192.97303771972656
88.50091552734375 -193.20172119140625
88.50013732910156 -193.4237518310547
88.49927520751953 -193.66744995117188
88.4984130859375 -193.9094696044922
88.49758911132812 -194.14642333984375
88.49668884277344 -194.40234375
88.49579620361328 -194.65342712402344
88.49490356445312 -194.90753173828125
88.4939956665039 -195.1613006591797
88.49305725097656 -195.42935180664062
88.49211883544922 -195.69378662109375
88.49114227294922 -195.97329711914062
88.4900894165039 -196.2741241455078
88.48904418945312 -196.5690460205078
88.48800659179688 -196.86280822753906
88.4869155883789 -197.1741180419922
88.4857406616211 -197.50341796875
88.48458099365234 -197.83079528808594
88.48336791992188 -198.1756591796875
88.48220825195312 -198.50250244140625
88.48107147216797 -198.82579040527344
88.47982025146484 -199.1781005859375
88.47865295410156 -199.51011657714844
88.47740173339844 -199.8627166748047
88.47608184814453 -200.2340545654297
88.47483825683594 -200.59005737304688
88.47346496582031 -200.98020935058594
88.47216796875 -201.3480987548828
88.47068786621094 -201.76275634765625
88.46932220458984 -202.1507568359375
88.46794128417969 -202.54188537597656
88.46662139892578 -202.91213989257812
88.46524047851562 -203.3020782470703
88.46377563476562 -203.71548461914062
88.46234130859375 -204.11795043945312
88.46086120605469 -204.5330352783203
88.4594497680664 -204.92755126953125
88.45793151855469 -205.35292053222656
88.45636749267578 -205.79425048828125
88.4549560546875 -206.18785095214844
88.45355987548828 -206.58706665039062
88.45215606689453 -206.98483276367188
88.45079040527344 -207.3739013671875
88.4493408203125 -207.7841033935547
88.44782257080078 -208.21275329589844
88.4462661743164 -208.6481170654297
88.44493865966797 -209.0196075439453
88.44357299804688 -209.40724182128906
88.44216918945312 -209.80465698242188
88.44074249267578 -210.20623779296875
88.43941497802734 -210.58065795898438
88.43812561035156 -210.9458770751953
88.43667602539062 -211.35348510742188
88.43534851074219 -211.72750854492188
88.4340591430664 -212.09495544433594
88.43265533447266 -212.49188232421875
88.43142700195312 -212.839111328125
88.4300537109375 -213.2220458984375
88.42882537841797 -213.5696563720703
88.4276123046875 -213.90744018554688
88.4264144897461 -214.24424743652344
88.42508697509766 -214.61691284179688
88.42387390136719 -214.9619903564453
88.42257690429688 -215.33084106445312
88.4213638305664 -215.6732177734375
88.42019653320312 -216.0078125
88.4189453125 -216.35829162597656
88.41773223876953 -216.69610595703125
88.41654968261719 -217.0316619873047
88.4153823852539 -217.363525390625
88.41416931152344 -217.70358276367188
88.41291809082031 -218.05758666992188
88.4117431640625 -218.38430786132812
88.41060638427734 -218.7090606689453
88.40946960449219 -219.02545166015625
88.40837860107422 -219.33489990234375
88.4072036743164 -219.66909790039062
88.406005859375 -220.0061492919922
88.40497589111328 -220.29617309570312
88.40388488769531 -220.6033935546875
88.40275573730469 -220.92767333984375
88.40165710449219 -221.23309326171875
88.40066528320312 -221.5167694091797
88.39960479736328 -221.81626892089844
88.39861297607422 -222.09523010253906
88.39761352539062 -222.37753295898438
88.39644622802734 -222.71270751953125
88.3953857421875 -223.01266479492188
88.39421844482422 -223.34124755859375
88.39328002929688 -223.60414123535156
88.39227294921875 -223.88595581054688
88.3912582397461 -224.1729278564453
88.39024353027344 -224.46376037597656
88.3893051147461 -224.732177734375
88.38836669921875 -225.00083923339844
88.3874282836914 -225.26226806640625
88.38642120361328 -225.5442657470703
88.38540649414062 -225.8299102783203
88.38439178466797 -226.1131591796875
88.38345336914062 -226.38192749023438
88.38251495361328 -226.6488037109375
88.38157653808594 -226.9095001220703
88.38068389892578 -227.16119384765625
88.37974548339844 -227.42425537109375
88.3788070678711 -227.6847381591797
88.37787628173828 -227.94456481933594
88.3769302368164 -228.21446228027344
88.3760757446289 -228.46102905273438
88.37517547607422 -228.7111053466797
88.37427520751953 -228.9638214111328
88.37337493896484 -229.21592712402344
88.37255859375 -229.45034790039062
88.37169647216797 -229.69052124023438
88.37083435058594 -229.93240356445312
88.36997985839844 -230.17413330078125
88.3690414428711 -230.43431091308594
88.36824798583984 -230.65997314453125
88.367431640625 -230.89303588867188
88.3665771484375 -231.13546752929688
88.36563110351562 -231.40306091308594
88.36475372314453 -231.6527557373047
88.36385345458984 -231.9091033935547
88.3629379272461 -232.1689910888672
88.36203002929688 -232.42442321777344
88.36112213134766 -232.68112182617188
88.3600845336914 -232.973388671875
88.35907745361328 -233.255615234375
88.3580322265625 -233.5497589111328
88.35697937011719 -233.8450164794922
88.35592651367188 -234.1394805908203
88.35478973388672 -234.4613494873047
88.3537368774414 -234.75759887695312
88.35265350341797 -235.06326293945312
88.3515625 -235.37159729003906
88.35037231445312 -235.7073211669922
88.34919738769531 -236.0390625
88.34794616699219 -236.39126586914062
88.3466567993164 -236.75314331054688
88.3453369140625 -237.12353515625
88.34407043457031 -237.48092651367188
88.34278106689453 -237.84605407714844
88.34149169921875 -238.2113800048828
88.34020233154297 -238.57630920410156
88.33889770507812 -238.94332885742188
88.33758544921875 -239.3107147216797
88.3362808227539 -239.67857360839844
88.3348159790039 -240.08987426757812
88.33323669433594 -240.5323944091797
88.33183288574219 -240.9265594482422
88.33042907714844 -241.3238983154297
88.32889556884766 -241.7568359375
88.32740783691406 -242.17308044433594
88.32595825195312 -242.58200073242188
88.32440185546875 -243.01625061035156
88.3228759765625 -243.44427490234375
88.32131958007812 -243.88185119628906
88.3196792602539 -244.34231567382812
88.31807708740234 -244.79025268554688
88.31639099121094 -245.26251220703125
88.31468200683594 -245.74755859375
88.31300354003906 -246.21868896484375
88.31134796142578 -246.6830596923828
88.3096694946289 -247.1542205810547
88.30794525146484 -247.63706970214844
88.30622863769531 -248.12106323242188
88.3045883178711 -248.58116149902344
88.30287170410156 -249.06423950195312
88.30110931396484 -249.55625915527344
88.29938507080078 -250.03627014160156
88.29774475097656 -250.49313354492188
88.29603576660156 -250.97824096679688
88.29423522949219 -251.48362731933594
88.29256439208984 -251.94786071777344
88.290771484375 -252.447265625
88.28893280029297 -252.96485900878906
88.28726196289062 -253.43263244628906
88.2856216430664 -253.8910675048828
88.28386688232422 -254.3780975341797
88.2821044921875 -254.87220764160156
88.28034973144531 -255.3607635498047
88.27863311767578 -255.84417724609375
88.2768325805664 -256.3465270996094
88.27511596679688 -256.82586669921875
88.27336120605469 -257.3152160644531
88.27163696289062 -257.7955017089844
88.27008819580078 -258.2331237792969
88.2684097290039 -258.7069396972656
88.26668548583984 -259.1903381347656
88.26513671875 -259.6260681152344
88.2635269165039 -260.0791931152344
88.26197814941406 -260.51031494140625
88.2603759765625 -260.95660400390625
88.25885772705078 -261.3860778808594
88.2573013305664 -261.81951904296875
88.2557373046875 -262.25634765625
88.25430297851562 -262.6571960449219
88.2527847290039 -263.0856628417969
88.25114440917969 -263.5419006347656
88.24961853027344 -263.9715270996094
88.24818420410156 -264.3757629394531
88.24674987792969 -264.7803039550781
88.24528503417969 -265.1882019042969
88.24375915527344 -265.6125793457031
88.24227142333984 -266.0309753417969
88.24087524414062 -266.421630859375
88.23943328857422 -266.82928466796875
88.23802185058594 -267.2216796875
88.23661804199219 -267.61474609375
88.2353286743164 -267.9774169921875
88.23395538330078 -268.36474609375
88.23262786865234 -268.73895263671875
88.23130798339844 -269.1085205078125
88.22994232177734 -269.4922790527344
88.2284927368164 -269.89569091796875
88.22712707519531 -270.2772521972656
88.22583770751953 -270.637939453125
88.22454833984375 -271.0004577636719
88.22318267822266 -271.384765625
88.22189331054688 -271.7495422363281
88.22064208984375 -272.1006164550781
88.21931457519531 -272.4730529785156
88.21808624267578 -272.8200988769531
88.21687316894531 -273.1614685058594
88.2156753540039 -273.5025634765625
88.21446228027344 -273.84454345703125
88.21321105957031 -274.19549560546875
88.2119140625 -274.56072998046875
88.21070098876953 -274.9050598144531
88.20933532714844 -275.2870178222656
88.20816040039062 -275.617919921875
88.20695495605469 -275.95880126953125
88.20578002929688 -276.2895202636719
88.20460510253906 -276.6232604980469
88.2034912109375 -276.9355773925781
88.20232391357422 -277.26739501953125
88.20124053955078 -277.5696716308594
88.20006561279297 -277.9021911621094
88.1988525390625 -278.24365234375
88.19773864746094 -278.55426025390625
88.19664764404297 -278.8636779785156
88.1955337524414 -279.1773986816406
88.19450378417969 -279.47039794921875
88.19346618652344 -279.7632751464844
88.19242858886719 -280.05633544921875
88.19133758544922 -280.3680114746094
88.1902847290039 -280.6625671386719
88.19082641601562 -280.9357604980469
88.19217681884766 -281.24029541015625
88.19268035888672 -281.5304260253906
88.19287109375 -281.80596923828125
88.19294738769531 -282.0841979980469
88.19300842285156 -282.3509826660156
88.19306182861328 -282.6269226074219
88.19315338134766 -282.9043884277344
88.19322204589844 -283.16314697265625
88.19329071044922 -283.41412353515625
88.19336700439453 -283.6779479980469
88.19344329833984 -283.9350891113281
88.19353485107422 -284.2029113769531
88.19361114501953 -284.46478271484375
88.19368743896484 -284.7290344238281
88.19377136230469 -284.9945068359375
88.19383239746094 -285.2440490722656
88.19390106201172 -285.4960632324219
88.19396209716797 -285.7464904785156
88.19403076171875 -285.9851379394531
88.19409942626953 -286.22283935546875
88.19413757324219 -286.45916748046875
88.19419860839844 -286.7059020996094
88.19424438476562 -286.9593505859375
88.19429779052734 -287.2108459472656
88.19432067871094 -287.4432067871094
88.19436645507812 -287.6734619140625
88.19441986083984 -287.9050598144531
88.19448852539062 -288.1399841308594
88.19454956054688 -288.3789978027344
88.19461059570312 -288.60516357421875
88.19466400146484 -288.8346862792969
88.1947250366211 -289.0689697265625
88.19478607177734 -289.3080749511719
88.19483947753906 -289.55963134765625
88.19487762451172 -289.82904052734375
88.19493865966797 -290.0876159667969
88.19499969482422 -290.335205078125
88.19505310058594 -290.5933837890625
88.19511413574219 -290.8675537109375
88.19517517089844 -291.14239501953125
88.19525146484375 -291.43218994140625
88.1953125 -291.7264709472656
88.19536590576172 -292.0253601074219
88.19542694091797 -292.30780029296875
88.19548797607422 -292.58837890625
88.19556427001953 -292.9031982421875
88.19564056396484 -293.224365234375
88.1957015991211 -293.5381164550781
88.19576263427734 -293.85577392578125
88.19583892822266 -294.2038879394531
88.1958999633789 -294.51593017578125
88.19595336914062 -294.8423767089844
88.19601440429688 -295.1678771972656
88.19607543945312 -295.501220703125
88.19612884521484 -295.861328125
88.1961898803711 -296.2161865234375
88.1962661743164 -296.5938720703125
88.19632720947266 -296.9541015625
88.1963882446289 -297.3203430175781
88.19647216796875 -297.6966552734375
88.196533203125 -298.05029296875
88.19658660888672 -298.4054870605469
88.1966781616211 -298.7969055175781
88.19676208496094 -299.1809387207031
88.19685363769531 -299.5614929199219
88.19691467285156 -299.9247131347656
88.1969985961914 -300.3032531738281
88.19707489013672 -300.7022705078125
88.1971664428711 -301.0906677246094
88.19722747802734 -301.4544677734375
88.19728088378906 -301.7987365722656
88.19734191894531 -302.15277099609375
88.19740295410156 -302.5083923339844
88.1974868774414 -302.88812255859375
88.19754791259766 -303.2413635253906
88.1976089477539 -303.61004638671875
88.19766235351562 -303.93963623046875
88.19772338867188 -304.2751159667969
88.19778442382812 -304.6213073730469
88.19783782958984 -304.94500732421875
88.1978988647461 -305.29193115234375
88.19795989990234 -305.6379089355469
88.19801330566406 -305.9725646972656
88.19807434082031 -306.3138122558594
88.19813537597656 -306.66717529296875
88.19821166992188 -307.0223388671875
88.19827270507812 -307.34661865234375
88.19832611083984 -307.6493835449219
88.1983871459961 -307.9706726074219
88.19844818115234 -308.28369140625
88.19850158691406 -308.580322265625
88.19856262207031 -308.9046936035156
88.19862365722656 -309.2049560546875
88.19867706298828 -309.5054931640625
88.19873809814453 -309.8139343261719
88.19879913330078 -310.1146545410156
88.1988525390625 -310.41583251953125
88.19891357421875 -310.6955871582031
88.198974609375 -310.9935607910156
88.19902801513672 -311.29071044921875
88.19908905029297 -311.5781555175781
88.19915008544922 -311.85601806640625
88.19920349121094 -312.14666748046875
88.19926452636719 -312.4197998046875
88.19932556152344 -312.7029724121094
88.19938659667969 -312.9862365722656
88.1994400024414 -313.2546081542969
88.19950103759766 -313.5279541015625
88.1995620727539 -313.79345703125
88.19961547851562 -314.0672912597656
88.19967651367188 -314.34588623046875
88.19973754882812 -314.6121520996094
88.19979095458984 -314.8832702636719
88.1998519897461 -315.1595764160156
88.19991302490234 -315.4117431640625
88.19996643066406 -315.6641845703125
88.20002746582031 -315.9298095703125
88.20008850097656 -316.18035888671875
88.20014190673828 -316.4273681640625
88.20020294189453 -316.6662902832031
88.20026397705078 -316.9117736816406
88.2003173828125 -317.14837646484375
88.20037841796875 -317.3909912109375
88.200439453125 -317.6400146484375
88.20049285888672 -317.8910827636719
88.19905853271484 -318.1378173828125
88.19452667236328 -318.3700866699219
88.1876220703125 -318.5948181152344
88.17776489257812 -318.8428039550781
88.16658782958984 -319.079345703125
88.15451049804688 -319.3038635253906
88.14008331298828 -319.5428466796875
88.12210083007812 -319.7879638671875
88.10110473632812 -320.0125732421875
88.07820892333984 -320.2206726074219
88.05089569091797 -320.4402160644531
88.02205657958984 -320.650146484375
87.99126434326172 -320.8562316894531
87.95772552490234 -321.0642395019531
87.9200668334961 -321.2749938964844
87.87779235839844 -321.4825439453125
87.83106231689453 -321.68817138671875
87.78335571289062 -321.8809509277344
87.72850036621094 -322.08660888671875
87.6718521118164 -322.2850036621094
87.60861206054688 -322.4926452636719
87.5486831665039 -322.678466796875
87.48626708984375 -322.859375
87.4205093383789 -323.0345153808594
87.3514404296875 -323.20501708984375
87.27796936035156 -323.3750915527344
87.1965103149414 -323.5526428222656
87.11233520507812 -323.72613525390625
87.02753448486328 -323.8922119140625
86.94107055664062 -324.0535583496094
86.85089874267578 -324.21240234375
86.74836730957031 -324.3796081542969
86.64276885986328 -324.5399169921875
86.53876495361328 -324.68853759765625
86.43690490722656 -324.8266296386719
86.33113861083984 -324.96307373046875
86.22048950195312 -325.09906005859375
86.1087417602539 -325.2287292480469
85.98957824707031 -325.3572082519531
85.87482452392578 -325.47283935546875
85.74700164794922 -325.5936584472656
85.62263488769531 -325.7044372558594
85.49855041503906 -325.8089599609375
85.36688995361328 -325.9138488769531
85.23587799072266 -326.0125732421875
85.11347198486328 -326.0992126464844
84.9864501953125 -326.1822204589844
84.85496520996094 -326.26129150390625
84.7220458984375 -326.3351745605469
84.57917785644531 -326.4084167480469
84.43447875976562 -326.4768371582031
84.29631805419922 -326.53704833984375
84.1598892211914 -326.5919189453125
84.01824188232422 -326.64422607421875
83.86649322509766 -326.69537353515625
83.72608947753906 -326.7380065917969
83.5888442993164 -326.77569580078125
83.44230651855469 -326.8115234375
83.29624938964844 -326.84295654296875
83.15129089355469 -326.8699645996094
83.02054595947266 -326.8908386230469
82.88511657714844 -326.9089660644531
82.73951721191406 -326.9244384765625
82.59134674072266 -326.9362487792969
82.4559326171875 -326.94329833984375
82.31556701660156 -326.94696044921875
82.16547393798828 -326.9468994140625
82.0254898071289 -326.94287109375
81.88280487060547 -326.9351806640625
81.74722290039062 -326.92413330078125
81.6007080078125 -326.9083557128906
81.46593475341797 -326.8924865722656
81.33033752441406 -326.87945556640625
81.18737030029297 -326.8709411621094
81.04566192626953 -326.86920166015625
80.90856170654297 -326.87530517578125
80.76409912109375 -326.88739013671875
80.62189483642578 -326.90203857421875
80.48421478271484 -326.9173889160156
80.33999633789062 -326.9341125488281
80.21241760253906 -326.9479064941406
80.08673858642578 -326.9589538574219
79.95331573486328 -326.96923828125
79.82017517089844 -326.97869873046875
79.69387817382812 -326.9871826171875
79.56724548339844 -326.9952697753906
79.44612884521484 -327.00262451171875
79.32735443115234 -327.00830078125
79.19925689697266 -327.01129150390625
79.07048797607422 -327.0121154785156
78.94729614257812 -327.0116271972656
78.83476257324219 -327.01025390625
78.7176513671875 -327.0080261230469
78.60572814941406 -327.0040283203125
78.48433685302734 -326.9963684082031
78.3707275390625 -326.98681640625
78.25406646728516 -326.97552490234375
78.1396255493164 -326.9631652832031
78.01515197753906 -326.9483337402344
77.90193939208984 -326.9325866699219
77.79358673095703 -326.9138488769531
77.68707275390625 -326.8930358886719
77.57759857177734 -326.8722229003906
77.4714126586914 -326.8568420410156
77.3538818359375 -326.8463439941406
77.24955749511719 -326.8406677246094
77.137451171875 -326.835693359375
77.03458404541016 -326.83148193359375
76.93602752685547 -326.82763671875
76.82450103759766 -326.8233642578125
76.72340393066406 -326.8196105957031
76.6186752319336 -326.8157958984375
76.51463317871094 -326.8121337890625
76.4190673828125 -326.80877685546875
76.31269073486328 -326.8050842285156
76.20487976074219 -326.8014221191406
76.09111785888672 -326.7975769042969
75.97795104980469 -326.7937927246094
75.86260986328125 -326.7898864746094
75.73033142089844 -326.78546142578125
75.59115600585938 -326.7807922363281
75.45341491699219 -326.77618408203125
75.32620239257812 -326.77191162109375
75.1790542602539 -326.7669677734375
75.01922607421875 -326.7615661621094
74.8638916015625 -326.75634765625
74.71466827392578 -326.7513122558594
74.5446548461914 -326.74554443359375
74.37665557861328 -326.73980712890625
74.20326232910156 -326.73394775390625
74.02172088623047 -326.7277526855469
73.8306884765625 -326.72125244140625
73.63854217529297 -326.7147521972656
73.44501495361328 -326.7081298828125
73.23696899414062 -326.7010803222656
73.03108978271484 -326.6940612792969
72.80248260498047 -326.6862487792969
72.56005859375 -326.6780090332031
72.32123565673828 -326.66986083984375
72.07524871826172 -326.6614990234375
71.84245300292969 -326.653564453125
71.59416961669922 -326.6451416015625
71.34306335449219 -326.6365661621094
71.09523010253906 -326.6281433105469
70.8499755859375 -326.61981201171875
70.59954071044922 -326.61126708984375
70.3642578125 -326.603271484375
70.13420867919922 -326.5954284667969
69.87188720703125 -326.5865173339844
69.63079071044922 -326.57830810546875
69.40290069580078 -326.5705871582031
69.15802764892578 -326.5622253417969
68.91158294677734 -326.5538635253906
68.67188262939453 -326.5456848144531
68.44518280029297 -326.5379943847656
68.21934509277344 -326.5303039550781
67.99285125732422 -326.5225830078125
67.74982452392578 -326.5143127441406
67.5152816772461 -326.50634765625
67.2983169555664 -326.49896240234375
67.07967376708984 -326.4915466308594
66.86782836914062 -326.48431396484375
66.64599609375 -326.4767761230469
66.42139434814453 -326.4691467285156
66.21244049072266 -326.4620361328125
66.0096664428711 -326.45513916015625
65.78724670410156 -326.4475402832031
65.57379913330078 -326.4402770996094
65.35591125488281 -326.432861328125
65.14717102050781 -326.4257507324219
64.9426498413086 -326.4187927246094
64.71615600585938 -326.41107177734375
64.51667785644531 -326.404296875
64.33293151855469 -326.3980407714844
64.138916015625 -326.3914489746094
63.95055389404297 -326.3850402832031
63.7664794921875 -326.3787536621094
63.58679962158203 -326.3726501464844
63.39146041870117 -326.3659973144531
63.218963623046875 -326.3601379394531
63.03479766845703 -326.3538818359375
62.842445373535156 -326.3473205566406
62.65253448486328 -326.3408508300781
62.47869110107422 -326.3349304199219
62.29941940307617 -326.3288269042969
62.113494873046875 -326.322509765625
61.93865966796875 -326.31658935546875
61.76491928100586 -326.3106689453125
61.59431838989258 -326.30487060546875
61.41196823120117 -326.29864501953125
61.22563171386719 -326.2923278808594
61.05585479736328 -326.2865295410156
60.890907287597656 -326.2809143066406
60.72026824951172 -326.2751159667969
60.545047760009766 -326.2691345214844
60.37671661376953 -326.2633972167969
60.20452117919922 -326.2575378417969
60.03389358520508 -326.2517395019531
59.877288818359375 -326.2464294433594
59.72573471069336 -326.24127197265625
59.55838394165039 -326.2355651855469
59.39239501953125 -326.22991943359375
59.22528839111328 -326.2242431640625
59.06896209716797 -326.21893310546875
58.9068603515625 -326.2134094238281
58.753944396972656 -326.20819091796875
58.59484100341797 -326.2027893066406
58.43356704711914 -326.1972961425781
58.27534103393555 -326.19189453125
58.1118278503418 -326.1863708496094
57.96954345703125 -326.1815185546875
57.82478332519531 -326.1766052246094
57.67677307128906 -326.17156982421875
57.52785110473633 -326.16650390625
57.38117980957031 -326.1615295410156
57.22780990600586 -326.15771484375
57.07594299316406 -326.1572265625
56.94078063964844 -326.1585388183594
56.79824447631836 -326.1608581542969
56.65339660644531 -326.1640319824219
56.51011276245117 -326.16546630859375
56.37310791015625 -326.1646728515625
56.23015594482422 -326.1629943847656
56.09391403198242 -326.1611328125
55.956668853759766 -326.1591491699219
55.82929992675781 -326.1572570800781
55.702308654785156 -326.1553649902344
55.571868896484375 -326.15338134765625
55.44020462036133 -326.1513671875
55.308143615722656 -326.1492919921875
55.17559051513672 -326.147216796875
55.04672622680664 -326.1451416015625
54.91951370239258 -326.14312744140625
54.78569793701172 -326.1409606933594
54.668251037597656 -326.1390380859375
54.5394287109375 -326.136962890625
54.415916442871094 -326.13494873046875
54.298187255859375 -326.1330261230469
54.17734146118164 -326.1322937011719
54.05265808105469 -326.13433837890625
53.93845748901367 -326.13763427734375
53.81940841674805 -326.14190673828125
53.707298278808594 -326.1463928222656
53.59067916870117 -326.15155029296875
53.47895812988281 -326.1568908691406
53.35552215576172 -326.1610412597656
53.23859405517578 -326.16278076171875
53.12765884399414 -326.1637878417969
53.01723861694336 -326.16461181640625
52.90700912475586 -326.1653137207031
52.79233932495117 -326.16607666015625
52.68747329711914 -326.1667175292969
52.579769134521484 -326.1673278808594
52.469573974609375 -326.16796875
52.36500930786133 -326.1685485839844
52.25678634643555 -326.16912841796875
52.150569915771484 -326.169677734375
52.04815673828125 -326.1701965332031
51.94504928588867 -326.17071533203125
51.83007049560547 -326.1712646484375
51.72431564331055 -326.1717834472656
51.61213684082031 -326.17230224609375
51.49824523925781 -326.1728515625
51.37665557861328 -326.1734313964844
51.25553512573242 -326.17401123046875
51.12558364868164 -326.17462158203125
50.9969367980957 -326.17523193359375
50.86210250854492 -326.1770935058594
50.71958541870117 -326.1819763183594
50.57658767700195 -326.18634033203125
50.434471130371094 -326.18890380859375
50.280765533447266 -326.1910400390625
50.12639236450195 -326.1929016113281
49.95956802368164 -326.19488525390625
49.79728317260742 -326.19671630859375
49.63251495361328 -326.1986389160156
49.448036193847656 -326.20074462890625
49.2601203918457 -326.202880859375
49.071224212646484 -326.20501708984375
48.893367767333984 -326.20697021484375
48.70122528076172 -326.20916748046875
48.49332809448242 -326.2114562988281
48.27907180786133 -326.21380615234375
48.054168701171875 -326.21630859375
47.82786178588867 -326.21881103515625
47.59763717651367 -326.2213134765625
47.36507797241211 -326.223876953125
47.13896560668945 -326.2263488769531
46.91255569458008 -326.2288513183594
46.69898986816406 -326.2311706542969
46.486785888671875 -326.23345947265625
46.2535285949707 -326.2359924316406
46.01845169067383 -326.2385559082031
45.77845764160156 -326.2411804199219
45.559730529785156 -326.2435607910156
45.33116149902344 -326.24603271484375
45.08557891845703 -326.24871826171875
44.85630798339844 -326.2512512207031
44.61106872558594 -326.25390625
44.3634033203125 -326.2566223144531
44.11419677734375 -326.25933837890625
43.84017562866211 -326.2623291015625
43.57611083984375 -326.26519775390625
43.320735931396484 -326.2679748535156
43.03883361816406 -326.27105712890625
42.7661018371582 -326.2740478515625
42.48151397705078 -326.27716064453125
42.19955062866211 -326.2802429199219
41.9010009765625 -326.28350830078125
41.601375579833984 -326.28680419921875
41.286468505859375 -326.29022216796875
40.963890075683594 -326.2937316894531
40.659263610839844 -326.29705810546875
40.35372543334961 -326.3004150390625
40.03287887573242 -326.30389404296875
39.706356048583984 -326.3074645996094
39.381107330322266 -326.31103515625
39.05705642700195 -326.3145751953125
38.7321891784668 -326.318115234375
38.38469314575195 -326.3218994140625
38.022789001464844 -326.32586669921875
37.66065216064453 -326.3298034667969
37.31935501098633 -326.3335266113281
36.9794921875 -326.33721923828125
36.603416442871094 -326.34130859375
36.24016189575195 -326.3453063964844
35.862876892089844 -326.34942626953125
35.49491500854492 -326.35345458984375
35.157371520996094 -326.3571472167969
34.824501037597656 -326.36077880859375
34.48324966430664 -326.3645324707031
34.12239074707031 -326.3684387207031
33.764869689941406 -326.3723449707031
33.43314743041992 -326.3759765625
33.11846923828125 -326.37945556640625
32.81715774536133 -326.3827209472656
32.48603820800781 -326.3863525390625
32.115840911865234 -326.3904113769531
31.784591674804688 -326.39404296875
31.453285217285156 -326.3976745605469
31.1585693359375 -326.4009094238281
30.833446502685547 -326.40447998046875
30.53592872619629 -326.40771484375
30.227006912231445 -326.41107177734375
29.928852081298828 -326.4143371582031
29.620147705078125 -326.4176940917969
29.319461822509766 -326.4209899902344
29.01545524597168 -326.42431640625
28.706300735473633 -326.42767333984375
28.411441802978516 -326.430908203125
28.098241806030273 -326.4342956542969
27.786888122558594 -326.4377136230469
27.50645637512207 -326.4407653808594
27.20643424987793 -326.44403076171875
26.932870864868164 -326.447021484375
26.654829025268555 -326.4500732421875
26.366168975830078 -326.4532470703125
26.08445930480957 -326.456298828125
25.808063507080078 -326.4593200683594
25.51736068725586 -326.46246337890625
25.24233627319336 -326.4654541015625
24.97068214416504 -326.46844482421875
24.70357894897461 -326.47137451171875
24.442277908325195 -326.4742431640625
24.190597534179688 -326.47698974609375
23.92437171936035 -326.47991943359375
23.65926170349121 -326.4828186035156
23.41422462463379 -326.4855041503906
23.157958984375 -326.4883117675781
22.914684295654297 -326.4909362792969
22.6671085357666 -326.49365234375
22.40408706665039 -326.49652099609375
22.16228485107422 -326.4991455078125
21.92443084716797 -326.5017395019531
21.664154052734375 -326.50457763671875
21.391815185546875 -326.507568359375
21.142518997192383 -326.5102844238281
20.901002883911133 -326.5129089355469
20.66139030456543 -326.51556396484375
20.42693519592285 -326.51812744140625
20.195537567138672 -326.5206604003906
19.96741485595703 -326.5231628417969
19.745208740234375 -326.52557373046875
19.504047393798828 -326.5281982421875
19.262657165527344 -326.53082275390625
19.011539459228516 -326.5335998535156
18.785165786743164 -326.5360412597656
18.545011520385742 -326.5386962890625
18.31801986694336 -326.5411376953125
18.08860969543457 -326.5436706542969
17.844322204589844 -326.54632568359375
17.60910415649414 -326.5489196777344
17.387407302856445 -326.55133056640625
17.16010284423828 -326.55377197265625
16.94139862060547 -326.5561828613281
16.700904846191406 -326.5588073730469
16.470888137817383 -326.56134033203125
16.245718002319336 -326.5638122558594
16.016069412231445 -326.5663146972656
15.799522399902344 -326.56866455078125
15.568428993225098 -326.5711975097656
15.341232299804688 -326.5736389160156
15.128584861755371 -326.57598876953125
14.913552284240723 -326.5783386230469
14.709335327148438 -326.58056640625
14.492305755615234 -326.5829162597656
14.266751289367676 -326.58538818359375
14.052334785461426 -326.5877380371094
13.837838172912598 -326.5900573730469
13.619199752807617 -326.59246826171875
13.39960765838623 -326.5948791503906
13.198745727539062 -326.59600830078125
12.978987693786621 -326.5940246582031
12.770647048950195 -326.5895690917969
12.556564331054688 -326.5830993652344
12.351524353027344 -326.575439453125
12.151119232177734 -326.5667419433594
11.940468788146973 -326.55633544921875
11.742806434631348 -326.54541015625
11.544124603271484 -326.53216552734375
11.34360408782959 -326.5148620605469
11.157577514648438 -326.4956359863281
10.960623741149902 -326.4725646972656
10.774154663085938 -326.44842529296875
10.571136474609375 -326.41973876953125
10.373030662536621 -326.3894348144531
10.18753719329834 -326.361328125
10.000934600830078 -326.3367004394531
9.814424514770508 -326.3148498535156
9.626294136047363 -326.29425048828125
9.443941116333008 -326.27490234375
9.25974178314209 -326.2555847167969
9.075000762939453 -326.2364501953125
8.896795272827148 -326.2180480957031
8.718703269958496 -326.19976806640625
8.543018341064453 -326.1805725097656
8.364471435546875 -326.158203125
8.201164245605469 -326.1357116699219
8.03731632232666 -326.1118469238281
7.861607074737549 -326.0851745605469
7.691987037658691 -326.05853271484375
7.536508560180664 -326.03338623046875
7.365242004394531 -326.00482177734375
7.199839115142822 -325.97528076171875
7.040500164031982 -325.94354248046875
6.881310939788818 -325.9089660644531
6.73192024230957 -325.8746337890625
6.577900409698486 -325.8374938964844
6.413505554199219 -325.7961120605469
6.2638840675354 -325.75701904296875
6.1130828857421875 -325.7161560058594
5.964730739593506 -325.673583984375
5.813745975494385 -325.6261901855469
5.661082744598389 -325.57464599609375
5.522929668426514 -325.5254821777344
5.378451824188232 -325.47174072265625
5.228690147399902 -325.41363525390625
5.0858683586120605 -325.3549499511719
4.951747417449951 -325.2953796386719
4.817471981048584 -325.2317199707031
4.680874347686768 -325.16351318359375
4.5551252365112305 -325.0978698730469
4.432616710662842 -325.03143310546875
4.308287143707275 -324.9613952636719
4.188488006591797 -324.8915100097656
4.061152935028076 -324.8144836425781
3.9422404766082764 -324.73883056640625
3.8232688903808594 -324.6576232910156
3.7137911319732666 -324.5783996582031
3.6013121604919434 -324.49298095703125
3.494507312774658 -324.4082946777344
3.387526750564575 -324.3199768066406
3.28664493560791 -324.2322998046875
3.180149793624878 -324.1329650878906
3.086892604827881 -324.03985595703125
2.996121644973755 -323.9442443847656
2.9080069065093994 -323.8467712402344
2.822798490524292 -323.74810791015625
2.736301898956299 -323.6432189941406
2.6540825366973877 -323.5370788574219
2.5744242668151855 -323.42523193359375
2.498610258102417 -323.3097229003906
2.4326417446136475 -323.20172119140625
2.3677825927734375 -323.08880615234375
2.300738573074341 -322.964111328125
2.23974871635437 -322.8427429199219
2.1847681999206543 -322.7258605957031
2.1315627098083496 -322.6048278808594
2.080181121826172 -322.47918701171875
2.032228469848633 -322.35247802734375
1.9880573749542236 -322.22601318359375
1.944901943206787 -322.0909729003906
1.9041255712509155 -321.9500427246094
1.8687506914138794 -321.8138427734375
1.8366553783416748 -321.6748046875
1.809680461883545 -321.54193115234375
1.7864196300506592 -321.4098815917969
1.767069697380066 -321.28106689453125
1.7510414123535156 -321.1526184082031
1.7375115156173706 -321.0153503417969
1.727823257446289 -320.88128662109375
1.7217037677764893 -320.7502136230469
1.7188701629638672 -320.6124572753906
1.7198385000228882 -320.4646301269531
1.7251054048538208 -320.31549072265625
1.733350157737732 -320.1843566894531
1.7449637651443481 -320.05322265625
1.75981605052948 -319.9231872558594
1.7806892395019531 -319.7756652832031
1.8060139417648315 -319.6278076171875
1.8336172103881836 -319.4899597167969
1.8637540340423584 -319.35791015625
1.8962104320526123 -319.23089599609375
1.9290663003921509 -319.09808349609375
1.9531413316726685 -318.9617614746094
1.9653595685958862 -318.8117370605469
1.9650760889053345 -318.6751708984375
1.9613467454910278 -318.53961181640625
1.9593775272369385 -318.4084167480469
1.9567636251449585 -318.267822265625
1.9520857334136963 -318.13128662109375
1.9476085901260376 -318.0113830566406
1.9421861171722412 -317.8711242675781
1.9371193647384644 -317.74261474609375
1.932213544845581 -317.6195373535156
1.9270870685577393 -317.4914855957031
1.9220713376998901 -317.3663024902344
1.9171514511108398 -317.2431640625
1.9119974374771118 -317.11370849609375
1.9065227508544922 -316.9755554199219
1.9012107849121094 -316.8408203125
1.8956563472747803 -316.6993713378906
1.8896971940994263 -316.5472717285156
1.8858295679092407 -316.3480529785156
1.887013554573059 -316.16522216796875
1.8897864818572998 -315.9792175292969
1.889701008796692 -315.782958984375
1.8855117559432983 -315.5476989746094
1.8800253868103027 -315.2935791015625
1.8747596740722656 -315.0559997558594
1.8692742586135864 -314.8120422363281
1.8628073930740356 -314.5280456542969
1.85634446144104 -314.2472229003906
1.8499298095703125 -313.9709167480469
1.8427993059158325 -313.66583251953125
1.8355098962783813 -313.3555908203125
1.831874966621399 -313.01446533203125
1.835736632347107 -312.67340087890625
1.8383413553237915 -312.34124755859375
1.837298035621643 -311.9715881347656
1.835230827331543 -311.59368896484375
1.8328652381896973 -311.1950378417969
1.8304827213287354 -310.79632568359375
1.828176498413086 -310.4122314453125
1.825756311416626 -310.0140380859375
1.8232165575027466 -309.6027526855469
1.8203222751617432 -309.14239501953125
1.8175677061080933 -308.7113037109375
1.8147097826004028 -308.2696533203125
1.8119808435440063 -307.85211181640625
1.8092515468597412 -307.4372863769531
1.806283712387085 -306.9883117675781
1.8034796714782715 -306.5653381347656
1.8004692792892456 -306.1116027832031
1.8023395538330078 -305.65869140625
1.8064767122268677 -305.242431640625
1.8083562850952148 -304.7962646484375
1.8097691535949707 -304.29132080078125
1.811000943183899 -303.84033203125
1.8124043941497803 -303.3504638671875
1.8139142990112305 -302.8449401855469
1.8155229091644287 -302.31683349609375
1.817041277885437 -301.82037353515625
1.8186463117599487 -301.2929382324219
1.8202396631240845 -300.7646484375
1.8219410181045532 -300.19500732421875
1.8236948251724243 -299.6024169921875
1.8253169059753418 -299.0501708984375
1.8269208669662476 -298.5011901855469
1.828576922416687 -297.93243408203125
1.8301681280136108 -297.38482666015625
1.8318475484848022 -296.80615234375
1.8335838317871094 -296.2076110839844
1.8353227376937866 -295.6081848144531
1.8370896577835083 -294.9992370605469
1.8388841152191162 -294.3814697265625
1.8408151865005493 -293.71710205078125
1.8426612615585327 -293.0826721191406
1.844581127166748 -292.4232482910156
1.8463959693908691 -291.8002014160156
1.8482122421264648 -291.1768798828125
1.85003662109375 -290.5511779785156
1.8518450260162354 -289.9309387207031
1.8537180423736572 -289.28857421875
1.8555970191955566 -288.6442565917969
1.857416033744812 -288.02056884765625
1.8591984510421753 -287.4093933105469
1.8611832857131958 -286.7287292480469
1.863023281097412 -286.09765625
1.8647336959838867 -285.5110778808594
1.8665016889572144 -284.90447998046875
1.8683490753173828 -284.27056884765625
1.870058298110962 -283.6839294433594
1.8718174695968628 -283.07989501953125
1.873449683189392 -282.5193176269531
1.8750087022781372 -281.9836730957031
1.8765859603881836 -281.4416809082031
1.8781356811523438 -280.9090270996094
1.8796703815460205 -280.3813781738281
1.881112813949585 -279.8852844238281
1.8826262950897217 -279.3645935058594
1.8840683698654175 -278.8682861328125
1.8855456113815308 -278.35986328125
1.8869410753250122 -277.87939453125
1.8882914781570435 -277.4142761230469
1.8897123336791992 -276.9248046875
1.8912007808685303 -276.4118957519531
1.8926645517349243 -275.9073181152344
1.8941724300384521 -275.3874816894531
1.8954700231552124 -274.9399719238281
1.896953821182251 -274.4282531738281
1.8983783721923828 -273.93682861328125
1.8996883630752563 -273.4848937988281
1.901142954826355 -272.9830627441406
1.9025582075119019 -272.4947814941406
1.9038541316986084 -272.0476379394531
1.905087947845459 -271.6219787597656
1.906365156173706 -271.1813049316406
1.9077023267745972 -270.719970703125
1.908957600593567 -270.2868347167969
1.9102545976638794 -269.8393249511719
1.9114688634872437 -269.4203186035156
1.9128695726394653 -268.93701171875
1.9142214059829712 -268.4704895019531
1.915533423423767 -268.0178527832031
1.9168341159820557 -267.5691223144531
1.9181463718414307 -267.116455078125
1.9195417165756226 -266.6351623535156
1.9210766553878784 -266.1058044433594
1.9225949048995972 -265.5823669433594
1.9241231679916382 -265.0555419921875
1.9256727695465088 -264.52154541015625
1.927173376083374 -264.0046691894531
1.928697943687439 -263.47967529296875
1.9301873445510864 -262.96685791015625
1.9317137002944946 -262.4415588378906
1.9334228038787842 -261.85357666015625
1.9350686073303223 -261.28759765625
1.9366830587387085 -260.7326354980469
1.9383548498153687 -260.1580505371094
1.940001130104065 -259.59246826171875
1.941702961921692 -259.0078125
1.9433773756027222 -258.43267822265625
1.9450085163116455 -257.8723449707031
1.946564793586731 -257.33782958984375
1.948180079460144 -256.7831115722656
1.9499019384384155 -256.19189453125
1.951572060585022 -255.61862182617188
1.953386664390564 -254.99581909179688
1.9551031589508057 -254.40687561035156
1.9568783044815063 -253.79788208007812
1.9587434530258179 -253.15829467773438
1.960585117340088 -252.52694702148438
1.962383508682251 -251.9107208251953
1.9642765522003174 -251.26239013671875
1.9661486148834229 -250.6214141845703
1.9680655002593994 -249.96546936035156
1.969891905784607 -249.34048461914062
1.9717864990234375 -248.69235229492188
1.9737457036972046 -248.0222625732422
1.9758248329162598 -247.31121826171875
1.9777189493179321 -246.6635284423828
1.9795085191726685 -246.05157470703125
1.9814754724502563 -245.37901306152344
1.9833869934082031 -244.72532653808594
1.9854774475097656 -244.01055908203125
1.9875502586364746 -243.30191040039062
1.989552617073059 -242.6175079345703
1.9916433095932007 -241.90301513671875
1.9935433864593506 -241.25384521484375
1.9955652952194214 -240.56329345703125
1.9975887537002563 -239.87242126464844
1.9994661808013916 -239.231689453125
2.001455068588257 -238.552978515625
2.0035767555236816 -237.82919311523438
2.0056822299957275 -237.1111297607422
2.0075671672821045 -236.46827697753906
2.0095813274383545 -235.78140258789062
2.011523485183716 -235.11907958984375
2.01349139213562 -234.44810485839844
2.0155999660491943 -233.72900390625
2.017590045928955 -233.0503692626953
2.0196094512939453 -232.3618621826172
2.021836042404175 -231.6028594970703
2.023897409439087 -230.90032958984375
2.0261523723602295 -230.13192749023438
2.0282516479492188 -229.41651916503906
2.0302493572235107 -228.73580932617188
2.032168388366699 -228.08189392089844
2.03415846824646 -227.40382385253906
2.0362954139709473 -226.6756591796875
2.0381898880004883 -226.02999877929688
2.0402753353118896 -225.31930541992188
2.0422470569610596 -224.64720153808594
2.0440783500671387 -224.0228271484375
2.0459039211273193 -223.40025329589844
2.047867774963379 -222.7303009033203
2.049842357635498 -222.0565948486328
2.051609992980957 -221.45333862304688
2.0533242225646973 -220.86822509765625
2.0551352500915527 -220.2498321533203
2.056932210922241 -219.63616943359375
2.058777332305908 -219.0058135986328
2.0606555938720703 -218.36399841308594
2.0624020099639893 -217.76719665527344
2.0641086101531982 -217.18362426757812
2.0657525062561035 -216.62158203125
2.0673768520355225 -216.06597900390625
2.06903076171875 -215.50010681152344
2.070800542831421 -214.89456176757812
2.0725510120391846 -214.2952880859375
2.074256181716919 -213.7115020751953
2.0758910179138184 -213.15158081054688
2.077470541000366 -212.61044311523438
2.078956365585327 -212.1013946533203
2.080568313598633 -211.54896545410156
2.0820159912109375 -211.0525360107422
2.0834553241729736 -210.5590057373047
2.0849313735961914 -210.05274963378906
2.0863776206970215 -209.5565948486328
2.087822437286377 -209.06076049804688
2.0893568992614746 -208.53399658203125
2.090797185897827 -208.0395050048828
2.0922293663024902 -207.5475311279297
2.0936529636383057 -207.05856323242188
2.0950543880462646 -206.5769500732422
2.0964930057525635 -206.08255004882812
2.0977602005004883 -205.64700317382812
2.09909725189209 -205.18722534179688
2.100372314453125 -204.74867248535156
2.1016552448272705 -204.30735778808594
2.1030590534210205 -203.82431030273438
2.104283571243286 -203.4027862548828
2.1055853366851807 -202.95469665527344
2.1069726943969727 -202.47691345214844
2.1083056926727295 -202.01773071289062
2.10952091217041 -201.59898376464844
2.11078143119812 -201.16455078125
2.111948251724243 -200.76243591308594
2.1131300926208496 -200.35491943359375
2.1143622398376465 -199.929931640625
2.1155457496643066 -199.52169799804688
2.1166741847991943 -199.13226318359375
2.117877960205078 -198.71685791015625
2.118983507156372 -198.33511352539062
2.1201672554016113 -197.92630004882812
2.1213064193725586 -197.532958984375
2.1224443912506104 -197.13995361328125
2.123577833175659 -196.7483673095703
2.124673366546631 -196.36985778808594
2.125711679458618 -196.0109405517578
2.126850128173828 -195.6175537109375
2.1278951168060303 -195.2564239501953
2.128939390182495 -194.89552307128906
2.129913330078125 -194.55894470214844
2.130922555923462 -194.2100372314453
2.1319186687469482 -193.86572265625
2.132972002029419 -193.5016326904297
2.1340768337249756 -193.11976623535156
2.135084867477417 -192.7713165283203
2.1361517906188965 -192.40245056152344
2.1371970176696777 -192.04115295410156
2.1382274627685547 -191.68511962890625
2.139429807662964 -191.26959228515625
2.1405255794525146 -190.89097595214844
2.141658067703247 -190.49978637695312
2.142838716506958 -190.09190368652344
2.144084930419922 -189.6614532470703
2.1452443599700928 -189.26119995117188
2.146604061126709 -188.79180908203125
2.1479551792144775 -188.32554626464844
2.149277687072754 -187.86920166015625
2.1506075859069824 -187.41061401367188
2.1518778800964355 -186.97262573242188
2.1532819271087646 -186.4886016845703
2.1547279357910156 -185.99029541015625
2.156233549118042 -185.4715576171875
2.1577513217926025 -184.9486846923828
2.1592438220977783 -184.43470764160156
2.160659074783325 -183.94754028320312
2.162122964859009 -183.44381713867188
2.1635658740997314 -182.94747924804688
2.165102481842041 -182.41896057128906
2.1666951179504395 -181.87139892578125
2.1682815551757812 -181.32611083984375
2.169837713241577 -180.79156494140625
2.1715893745422363 -180.19004821777344
2.17335844039917 -179.5828399658203
2.174959182739258 -179.03341674804688
2.1765990257263184 -178.47071838378906
2.1781821250915527 -177.9275665283203
2.179720640182495 -177.3996124267578
2.1812305450439453 -176.88145446777344
2.1827282905578613 -176.36749267578125
2.1843008995056152 -175.82786560058594
2.185812473297119 -175.30908203125
2.187310218811035 -174.79498291015625
2.1888229846954346 -174.27577209472656
2.190268039703369 -173.77980041503906
2.191697597503662 -173.28895568847656
2.1932497024536133 -172.75588989257812
2.1947271823883057 -172.24835205078125
2.196117401123047 -171.77078247070312
2.197492837905884 -171.29806518554688
2.198840618133545 -170.83485412597656
2.20019268989563 -170.3700408935547
2.201491117477417 -169.92349243164062
2.202758550643921 -169.48753356933594
2.204099655151367 -169.02615356445312
2.2053604125976562 -168.59234619140625
2.206594228744507 -168.16757202148438
2.2078535556793213 -167.7339630126953
2.2091596126556396 -167.28427124023438
2.210422992706299 -166.84909057617188
2.211751699447632 -166.3912811279297
2.2129831314086914 -165.96688842773438
2.214172840118408 -165.55674743652344
2.215433359146118 -165.12222290039062
2.2166237831115723 -164.711669921875
2.2179036140441895 -164.2702178955078
2.219154119491577 -163.83863830566406
2.2202816009521484 -163.4495391845703
2.22145938873291 -163.0429229736328
2.222628593444824 -162.63922119140625
2.2238566875457764 -162.21511840820312
2.2249910831451416 -161.82321166992188
2.2261295318603516 -161.429931640625
2.2272679805755615 -161.03672790527344
2.228389263153076 -160.64938354492188
2.2295944690704346 -160.2332000732422
2.230757474899292 -159.8314666748047
2.231966257095337 -159.4139862060547
2.2332749366760254 -158.962158203125
2.23459792137146 -158.5054473876953
2.2359445095062256 -158.0406036376953
2.2372384071350098 -157.5940399169922
2.2386040687561035 -157.12290954589844
2.239945888519287 -156.6600799560547
2.241391658782959 -156.16151428222656
2.242894172668457 -155.64358520507812
2.2443454265594482 -155.14344787597656
2.245703935623169 -154.67550659179688
2.2471227645874023 -154.18685913085938
2.248729944229126 -153.63348388671875
2.2501511573791504 -153.14431762695312
2.251718282699585 -152.60501098632812
2.253277540206909 -152.06861877441406
2.2548155784606934 -151.5397491455078
2.2564940452575684 -150.96287536621094
2.2581558227539062 -150.391845703125
2.259911060333252 -149.78924560546875
2.261601209640503 -149.20907592773438
2.263356924057007 -148.60667419433594
2.265110969543457 -148.0050506591797
2.266899347305298 -147.39186096191406
2.268508195877075 -146.84039306640625
2.2702841758728027 -146.23158264160156
2.271883726119995 -145.68345642089844
2.2735066413879395 -145.12733459472656
2.2750890254974365 -144.58511352539062
2.2765774726867676 -144.07508850097656
2.2782862186431885 -143.48947143554688
2.2798385620117188 -142.95730590820312
2.2813475131988525 -142.4401092529297
2.2829360961914062 -141.89559936523438
2.2845375537872314 -141.34671020507812
2.2860310077667236 -140.8346405029297
2.287532091140747 -140.31993103027344
2.289073944091797 -139.79100036621094
2.2905805110931396 -139.27423095703125
2.292135000228882 -138.74078369140625
2.293670892715454 -138.213623046875
2.295217752456665 -137.68247985839844
2.296699047088623 -137.17391967773438
2.2981064319610596 -136.69056701660156
2.2995049953460693 -136.21005249023438
2.300898313522339 -135.73129272460938
2.3024349212646484 -135.20321655273438
2.3039183616638184 -134.6931915283203
2.3053200244903564 -134.21116638183594
2.306668281555176 -133.74745178222656
2.3080575466156006 -133.26953125
2.309354543685913 -132.8231658935547
2.3106729984283447 -132.36927795410156
2.3120028972625732 -131.91143798828125
2.3133909702301025 -131.43345642089844
2.3146567344665527 -130.99749755859375
2.3158788681030273 -130.57640075683594
2.317096471786499 -130.1568145751953
2.3182106018066406 -129.772705078125
2.3194127082824707 -129.35829162597656
2.320565938949585 -128.9606170654297
2.3217179775238037 -128.563232421875
2.3228859901428223 -128.16030883789062
2.3240673542022705 -127.75260162353516
2.325256824493408 -127.34201049804688
2.326348304748535 -126.96515655517578
2.327407121658325 -126.59955596923828
2.3285346031188965 -126.21003723144531
2.329697608947754 -125.8081283569336
2.3308160305023193 -125.42160034179688
2.331958770751953 -125.02669525146484
2.333055019378662 -124.64778900146484
2.3341758251190186 -124.26048278808594
2.335263967514038 -123.88446044921875
2.3363912105560303 -123.494873046875
2.337541341781616 -123.0975341796875
2.338778495788574 -122.67018127441406
2.3400049209594727 -122.24659729003906
2.3412535190582275 -121.81532287597656
2.342456340789795 -121.39995574951172
2.3437042236328125 -120.96913146972656
2.344975471496582 -120.53010559082031
2.346129894256592 -120.13148498535156
2.3472819328308105 -119.73350524902344
2.3484301567077637 -119.33699035644531
2.349550724029541 -118.94998931884766
2.3507606983184814 -118.53214263916016
2.351846694946289 -118.15694427490234
2.353024482727051 -117.75007629394531
2.354163646697998 -117.35648345947266
2.3553459644317627 -116.94808197021484
2.356553554534912 -116.5308837890625
2.3577563762664795 -116.1153793334961
2.3562533855438232 -115.69993591308594
2.3494229316711426 -115.31179809570312
2.3380367755889893 -114.91758728027344
2.3230786323547363 -114.52835083007812
2.304919481277466 -114.14479064941406
2.2872636318206787 -113.76725006103516
2.2705650329589844 -113.36014556884766
2.254495859146118 -112.95387268066406
2.2397825717926025 -112.58476257324219
2.2240240573883057 -112.19612121582031
2.2091968059539795 -111.83639526367188
2.1939027309417725 -111.46952056884766
2.1792867183685303 -111.12149047851562
2.1644163131713867 -110.7687759399414
2.150346279144287 -110.43560028076172
2.1351356506347656 -110.07542419433594
2.1194374561309814 -109.703369140625
2.104247808456421 -109.34280395507812
2.0901248455047607 -109.00701904296875
2.0753018856048584 -108.65402221679688
2.0634572505950928 -108.32325744628906
2.05655837059021 -107.99456024169922
2.049492835998535 -107.63976287841797
2.0412912368774414 -107.32432556152344
2.0320706367492676 -106.99640655517578
2.0221714973449707 -106.6513671875
2.012784481048584 -106.32390594482422
2.0034613609313965 -105.99708557128906
1.9940208196640015 -105.66476440429688
1.9852365255355835 -105.35477447509766
1.9769206047058105 -105.0611572265625
1.9679296016693115 -104.74392700195312
1.9591710567474365 -104.43527221679688
1.9499987363815308 -104.11258697509766
1.9416656494140625 -103.81993103027344
1.9326719045639038 -103.50460052490234
1.9236388206481934 -103.18838500976562
1.9149783849716187 -102.8856201171875
1.9088562726974487 -102.60132598876953
1.9075816869735718 -102.30148315429688
1.906618356704712 -102.02362823486328
1.903578758239746 -101.75975036621094
1.899725317955017 -101.49616241455078
1.8951427936553955 -101.20457458496094
1.890455722808838 -100.91114044189453
1.8860130310058594 -100.63323211669922
1.8817722797393799 -100.36788940429688
1.877541184425354 -100.10352325439453
1.8734447956085205 -99.84821319580078
1.8692128658294678 -99.58541870117188
1.8652496337890625 -99.34024047851562
1.8610409498214722 -99.0809326171875
1.8564532995224 -98.79942321777344
1.852459192276001 -98.55517578125
1.8482345342636108 -98.2975082397461
1.8440492153167725 -98.0428237915039
1.8420088291168213 -97.80132293701172
1.8409361839294434 -97.56474304199219
1.8387895822525024 -97.34278106689453
1.8360244035720825 -97.10377502441406
1.83306086063385 -96.86119079589844
1.8301841020584106 -96.629150390625
1.8271942138671875 -96.3890151977539
1.824389100074768 -96.16410064697266
1.8214364051818848 -95.92774200439453
1.8186854124069214 -95.7078628540039
1.8157148361206055 -95.47091674804688
1.812537670135498 -95.21796417236328
1.8093246221542358 -94.96267700195312
1.8062989711761475 -94.72266387939453
1.8031872510910034 -94.47618103027344
1.7997790575027466 -94.2065200805664
1.796497106552124 -93.94713592529297
1.7929768562316895 -93.6690902709961
1.789168357849121 -93.36846160888672
1.7855350971221924 -93.0817642211914
1.7819859981536865 -92.80174255371094
1.7783530950546265 -92.5151138305664
1.7745331525802612 -92.21377563476562
1.770721197128296 -91.91302490234375
1.7664202451705933 -91.57366180419922
1.7624720335006714 -91.26207733154297
1.7584389448165894 -90.9437484741211
1.7543402910232544 -90.6202163696289
1.7499966621398926 -90.27725982666016
1.745684266090393 -89.93677520751953
1.7414950132369995 -89.6059341430664
1.737178921699524 -89.26505279541016
1.7326754331588745 -88.90933990478516
1.7282575368881226 -88.56035614013672
1.7235870361328125 -88.1913833618164
1.7184780836105347 -87.78773498535156
1.7135306596755981 -87.39683532714844
1.7087517976760864 -87.01921844482422
1.7035402059555054 -86.6073989868164
1.6986216306686401 -86.21871948242188
1.6934754848480225 -85.81202697753906
1.6877691745758057 -85.36103057861328
1.6823291778564453 -84.93106079101562
1.6765280961990356 -84.47251892089844
1.671019434928894 -84.03707885742188
1.6652048826217651 -83.57744598388672
1.6590909957885742 -83.09413146972656
1.6527578830718994 -82.59346771240234
1.6469645500183105 -82.13543701171875
1.641236424446106 -81.68254089355469
1.63528573513031 -81.2120361328125
1.6294251680374146 -80.74860382080078
1.6231194734573364 -80.2499771118164
1.6168410778045654 -79.75345611572266
1.6107287406921387 -79.2700424194336
1.6044929027557373 -78.7768325805664
1.598345398902893 -78.29058074951172
1.5916720628738403 -77.76271057128906
1.585115909576416 -77.2441177368164
1.5781680345535278 -76.69444274902344
1.5714884996414185 -76.1659927368164
1.5646663904190063 -75.6261978149414
1.5575666427612305 -75.06437683105469
1.5505330562591553 -74.50772094726562
1.5431573390960693 -73.92393493652344
1.536075234413147 -73.36334991455078
1.5286445617675781 -72.77509307861328
1.5214409828186035 -72.20476531982422
1.5139933824539185 -71.61505889892578
1.5067942142486572 -71.04500579833984
1.4996446371078491 -70.47879028320312
1.4923779964447021 -69.90328216552734
1.4846248626708984 -69.28921508789062
1.4767526388168335 -68.66568756103516
1.469334363937378 -68.078125
1.4620726108551025 -67.5029296875
1.4546416997909546 -66.91432189941406
1.4480007886886597 -66.3882827758789
1.4415124654769897 -65.87432098388672
1.4347710609436035 -65.34031677246094
1.4280550479888916 -64.80833435058594
1.4211335182189941 -64.26006317138672
1.4142403602600098 -63.71406173706055
1.4078725576400757 -63.20967102050781
1.4016410112380981 -62.716087341308594
1.3952267169952393 -62.20804214477539
1.3887687921524048 -61.69655227661133
1.382049798965454 -61.1644287109375
1.3758265972137451 -60.67157745361328
1.3695350885391235 -60.1733283996582
1.3634344339370728 -59.69023895263672
1.3574888706207275 -59.21945571899414
1.3513374328613281 -58.73239517211914
1.345102310180664 -58.23871994018555
1.3392019271850586 -57.77157211303711
1.3331252336502075 -57.2905158996582
1.326828122138977 -56.79202651977539
1.3210097551345825 -56.33145523071289
1.3154358863830566 -55.890262603759766
1.3096553087234497 -55.43273162841797
1.3040679693222046 -54.99052047729492
1.2981427907943726 -54.5215950012207
1.292216181755066 -54.05256652832031
1.28627347946167 -53.58230209350586
1.2806974649429321 -53.14107894897461
1.2751502990722656 -52.702152252197266
1.2697131633758545 -52.27194595336914
1.264398217201233 -51.85145568847656
1.258599042892456 -51.39265441894531
1.2534606456756592 -50.98616027832031
1.2483959197998047 -50.58551788330078
1.2426855564117432 -50.133811950683594
1.2376859188079834 -49.73835754394531
1.232591986656189 -49.33546447753906
1.227641224861145 -48.94390869140625
1.2225409746170044 -48.54052734375
1.217473030090332 -48.13974380493164
1.2122201919555664 -47.72434616088867
1.2070566415786743 -47.31603240966797
1.2023677825927734 -46.94527053833008
1.1973367929458618 -46.54747772216797
1.1925770044326782 -46.17116165161133
1.1878819465637207 -45.79996871948242
1.1828604936599731 -45.402992248535156
1.1780141592025757 -45.01987075805664
1.1733555793762207 -44.651615142822266
1.168810486793518 -44.2923583984375
1.16396963596344 -43.90972137451172
1.1594500541687012 -43.552513122558594
1.1550147533416748 -43.20196533203125
1.1505756378173828 -42.85116195678711
1.1457115411758423 -42.4667854309082
1.1414587497711182 -42.13071823120117
1.1372456550598145 -41.79780197143555
1.1330769062042236 -41.468421936035156
1.1284226179122925 -41.10066223144531
1.124084711074829 -40.7579231262207
1.1196978092193604 -40.41132354736328
1.1152781248092651 -40.06211853027344
1.1103711128234863 -39.67441940307617
1.1056548357009888 -39.301780700683594
1.100995421409607 -38.93360900878906
1.0962921380996704 -38.56197738647461
1.0916292667388916 -38.193538665771484
1.0869356393814087 -37.82263946533203
1.0818289518356323 -37.41908645629883
1.0768954753875732 -37.02921676635742
1.0720174312591553 -36.64371109008789
1.0668303966522217 -36.23377227783203
1.062016248703003 -35.85328674316406
1.0569008588790894 -35.44898223876953
1.0519092082977295 -35.054466247558594
1.0471090078353882 -34.67507553100586
1.042094349861145 -34.278743743896484
1.0375525951385498 -33.91977310180664
1.0329291820526123 -33.55436325073242
1.0298677682876587 -33.1827278137207
1.031095027923584 -32.811885833740234
1.0363686084747314 -32.43313217163086
1.0419316291809082 -32.06223678588867
1.045697569847107 -31.68751335144043
1.0486048460006714 -31.33292579650879
1.0513603687286377 -30.987655639648438
1.0541212558746338 -30.656049728393555
1.0573347806930542 -30.292747497558594
1.060702919960022 -29.932313919067383
1.0639597177505493 -29.597883224487305
1.0673500299453735 -29.260231018066406
1.070751428604126 -28.928388595581055
1.0740631818771362 -28.60938835144043
1.0774122476577759 -28.289091110229492
1.0806756019592285 -27.97809600830078
1.084030032157898 -27.65876007080078
1.0874370336532593 -27.334218978881836
1.0906139612197876 -27.031156539916992
1.0939453840255737 -26.71268653869629
1.0971778631210327 -26.402950286865234
1.1004352569580078 -26.090097427368164
1.103811264038086 -25.76512908935547
1.107033133506775 -25.454423904418945
1.1100019216537476 -25.167640686035156
1.1130679845809937 -24.871076583862305
1.1160727739334106 -24.580114364624023
1.1189601421356201 -24.30031967163086
1.1220824718475342 -23.99753761291504
1.1249773502349854 -23.71670913696289
1.1279687881469727 -23.426464080810547
1.1307227611541748 -23.159196853637695
1.1336530447006226 -22.874818801879883
1.1364718675613403 -22.601274490356445
1.139283299446106 -22.32845687866211
1.1422734260559082 -22.038330078125
1.1451364755630493 -21.760587692260742
1.1478813886642456 -21.494342803955078
1.1506199836730957 -21.228740692138672
1.1534690856933594 -20.952470779418945
1.1562447547912598 -20.683345794677734
1.1591429710388184 -20.402360916137695
1.1620657444000244 -20.119016647338867
1.1650145053863525 -19.833179473876953
1.1678142547607422 -19.561800003051758
1.1704765558242798 -19.303756713867188
1.1732869148254395 -19.031352996826172
1.176291584968567 -18.740140914916992
1.1792117357254028 -18.457111358642578
1.1821074485778809 -18.176450729370117
1.1847947835922241 -17.915990829467773
1.1877549886703491 -17.62909698486328
1.1907072067260742 -17.342954635620117
1.193485140800476 -17.073707580566406
1.1961978673934937 -16.810789108276367
1.1988765001296997 -16.551164627075195
1.2016704082489014 -16.280376434326172
1.2043735980987549 -16.018362045288086
1.2068759202957153 -15.775837898254395
1.2095662355422974 -15.51508617401123
1.2123051881790161 -15.249606132507324
1.2164342403411865 -15.001203536987305
1.2242988348007202 -14.751448631286621
1.2321597337722778 -14.508001327514648
1.238713026046753 -14.249744415283203
1.2444798946380615 -13.9908447265625
1.2497724294662476 -13.739903450012207
1.254683017730713 -13.503877639770508
1.2596293687820435 -13.265474319458008
1.2648857831954956 -13.012465476989746
1.2697705030441284 -12.777130126953125
1.274478554725647 -12.550312042236328
1.2789220809936523 -12.33602237701416
1.2837296724319458 -12.10378360748291
1.2884801626205444 -11.873838424682617
1.2933335304260254 -11.63826847076416
1.2978060245513916 -11.421011924743652
1.3024975061416626 -11.19305419921875
1.3069214820861816 -10.977776527404785
1.3115683794021606 -10.750982284545898
1.3163888454437256 -10.515132904052734
1.3213346004486084 -10.272238731384277
1.3281915187835693 -10.016082763671875
1.33913254737854 -9.763951301574707
1.3530415296554565 -9.512568473815918
1.3681176900863647 -9.275787353515625
1.3856806755065918 -9.0280179977417
1.4044657945632935 -8.78587532043457
1.4251673221588135 -8.539885520935059
1.4475654363632202 -8.30659294128418
1.476513147354126 -8.058304786682129
1.509812593460083 -7.8120856285095215
1.547044038772583 -7.565561294555664
1.5845719575881958 -7.337838172912598
1.627295970916748 -7.09822416305542
1.6724821329116821 -6.862521648406982
1.7169594764709473 -6.6500091552734375
1.769258975982666 -6.427652359008789
1.8256536722183228 -6.210600852966309
1.8884525299072266 -5.988089561462402
1.950297236442566 -5.783630847930908
2.0219316482543945 -5.5618205070495605
2.0957727432250977 -5.346860885620117
2.17081880569458 -5.143692493438721
2.25079345703125 -4.945639610290527
2.3384385108947754 -4.745234966278076
2.4307162761688232 -4.548332214355469
2.529553174972534 -4.3498125076293945
2.6286470890045166 -4.162446975708008
2.7372403144836426 -3.9678566455841064
2.849740505218506 -3.7792186737060547
2.969595193862915 -3.594280958175659
3.080538034439087 -3.435236930847168
3.196098804473877 -3.279311418533325
3.309462785720825 -3.1344988346099854
3.436318874359131 -2.981036424636841
3.5609898567199707 -2.83794903755188
3.693843364715576 -2.6948635578155518
3.82765531539917 -2.561621904373169
3.9681801795959473 -2.431711435317993
4.112381935119629 -2.3073103427886963
4.249547481536865 -2.19620680809021
4.395717144012451 -2.0849266052246094
4.5427985191345215 -1.979686975479126
4.6838812828063965 -1.885685682296753
4.831336498260498 -1.7960491180419922
4.978603839874268 -1.7143568992614746
5.141035556793213 -1.6319113969802856
5.298337459564209 -1.5594065189361572
5.473291397094727 -1.486052393913269
5.6593918800354 -1.4161938428878784
5.8262224197387695 -1.3602083921432495
6.017056941986084 -1.303749918937683
6.198923110961914 -1.2570475339889526
6.396198749542236 -1.214091420173645
6.583250999450684 -1.1804405450820923
6.767780780792236 -1.153892993927002
6.973330497741699 -1.1321055889129639
7.173538684844971 -1.1185498237609863
7.393360614776611 -1.1121928691864014
7.606515407562256 -1.114614725112915
7.806149005889893 -1.1247385740280151
8.009373664855957 -1.1425914764404297
8.223576545715332 -1.1699950695037842
8.423224449157715 -1.2035189867019653
8.642963409423828 -1.2496583461761475
8.836112976074219 -1.298237919807434
9.02222728729248 -1.3524322509765625
9.222932815551758 -1.412782907485962
9.431950569152832 -1.4647172689437866
9.651931762695312 -1.5015233755111694
9.864015579223633 -1.5218783617019653
10.065679550170898 -1.5362311601638794
10.27645206451416 -1.5495673418045044
10.469016075134277 -1.5610041618347168
10.682462692260742 -1.573082447052002
10.869154930114746 -1.5832633972167969
11.07248306274414 -1.594065546989441
11.289324760437012 -1.6053812503814697
11.48475456237793 -1.6154937744140625
11.694907188415527 -1.6263412237167358
11.918357849121094 -1.637894868850708
12.13737678527832 -1.6492568254470825
12.363500595092773 -1.6610326766967773
12.607885360717773 -1.673792839050293
12.863861083984375 -1.6872047185897827
13.1593599319458 -1.7027370929718018
13.451926231384277 -1.7181538343429565
13.740188598632812 -1.7333675622940063
14.037529945373535 -1.749075174331665
14.364721298217773 -1.7663679122924805
14.72358512878418 -1.7853389978408813
15.085593223571777 -1.804476261138916
15.424434661865234 -1.8223862648010254
15.775246620178223 -1.8409249782562256
16.141538619995117 -1.860277771949768
16.48455810546875 -1.8783974647521973
16.84510612487793 -1.8974398374557495
17.186033248901367 -1.915444016456604
17.572917938232422 -1.9358733892440796
17.927135467529297 -1.9545767307281494
18.302824020385742 -1.974413514137268
18.693452835083008 -1.9950389862060547
19.099117279052734 -2.016458749771118
19.503414154052734 -2.037806749343872
19.939006805419922 -2.060807704925537
20.44631004333496 -2.0875959396362305
20.91227912902832 -2.1122021675109863
21.373809814453125 -2.1365747451782227
21.883852005004883 -2.1635098457336426
22.34410858154297 -2.183588981628418
22.840343475341797 -2.1956770420074463
23.311586380004883 -2.2006375789642334
23.801660537719727 -2.2068727016448975
24.2861328125 -2.216399908065796
24.794410705566406 -2.226915121078491
25.25603485107422 -2.2362844944000244
25.707050323486328 -2.245274543762207
26.187835693359375 -2.2547738552093506
26.61287498474121 -2.2631595134735107
27.05197525024414 -2.271855592727661
27.505449295043945 -2.280888319015503
27.9215087890625 -2.289224147796631
28.322635650634766 -2.2973005771636963
28.75279998779297 -2.305996894836426
29.180519104003906 -2.314671277999878
29.561325073242188 -2.3224101066589355
29.959476470947266 -2.330509901046753
30.346134185791016 -2.3383805751800537
30.755292892456055 -2.346710681915283
31.14777946472168 -2.3547000885009766
31.565752029418945 -2.363205671310425
31.955839157104492 -2.371140718460083
32.31557846069336 -2.378455638885498
32.67741775512695 -2.3858113288879395
33.07429504394531 -2.3938770294189453
33.439208984375 -2.3970248699188232
33.802249908447266 -2.3983685970306396
34.16689682006836 -2.402360200881958
34.51167678833008 -2.406682252883911
34.85846710205078 -2.4111266136169434
35.17500305175781 -2.415194511413574
35.51650619506836 -2.419595956802368
35.83903884887695 -2.4237682819366455
36.17775344848633 -2.428170919418335
36.49859619140625 -2.432361602783203
36.80198669433594 -2.436340808868408
37.128414154052734 -2.4363059997558594
37.441741943359375 -2.429060697555542
37.77414321899414 -2.423583507537842
38.07660675048828 -2.422044277191162
38.368560791015625 -2.4212396144866943
38.703311920166016 -2.4204866886138916
38.98157501220703 -2.419912338256836
39.26068115234375 -2.419376850128174
39.53974914550781 -2.4188852310180664
39.80977249145508 -2.418449878692627
40.09560775756836 -2.418027639389038
40.38424301147461 -2.4176344871520996
40.66733169555664 -2.4172730445861816
40.927024841308594 -2.4169561862945557
41.18015670776367 -2.416654586791992
41.438148498535156 -2.416351318359375
41.68808364868164 -2.4160585403442383
41.93040466308594 -2.4125633239746094
42.17354965209961 -2.4031105041503906
42.416107177734375 -2.3906912803649902
42.67148208618164 -2.3754382133483887
42.9171028137207 -2.364173173904419
43.16022872924805 -2.3566949367523193
43.39023971557617 -2.350306987762451
43.63344192504883 -2.3437421321868896
43.86852264404297 -2.3374884128570557
44.08799743652344 -2.33172607421875
44.30864334106445 -2.326002836227417
44.544193267822266 -2.3199591636657715
44.74993896484375 -2.314725160598755
44.95834732055664 -2.309457302093506
45.16592025756836 -2.304227113723755
45.36686325073242 -2.2991745471954346
45.562103271484375 -2.294271469116211
45.758235931396484 -2.289348602294922
45.957611083984375 -2.2843434810638428
46.18647003173828 -2.278594970703125
46.39942169189453 -2.273242950439453
46.64778518676758 -2.2669970989227295
46.90346145629883 -2.2605626583099365
47.14593505859375 -2.2544567584991455
47.39958953857422 -2.2480666637420654
47.675872802734375 -2.2411038875579834
47.93436050415039 -2.234588384628296
48.20521545410156 -2.2277603149414062
48.50847625732422 -2.2201149463653564
48.80498504638672 -2.212639808654785
49.113407135009766 -2.204864501953125
49.441322326660156 -2.1965982913970947
49.7559700012207 -2.188667058944702
50.05841827392578 -2.1810436248779297
50.35359573364258 -2.1736037731170654
50.64969253540039 -2.1661412715911865
50.94535446166992 -2.1586899757385254
51.23021697998047 -2.151510715484619
51.51253128051758 -2.144395589828491
51.82191467285156 -2.136598825454712
52.12392807006836 -2.1289873123168945
52.39985656738281 -2.12203311920166
52.68824768066406 -2.114764928817749
52.98238754272461 -2.1073520183563232
53.27340316772461 -2.100017786026001
53.593265533447266 -2.091956377029419
53.902225494384766 -2.08417010307312
54.19631576538086 -2.07675838470459
54.49628448486328 -2.0691986083984375
54.79528045654297 -2.0616631507873535
55.10182571411133 -2.0539376735687256
55.38756561279297 -2.046736478805542
55.6751594543457 -2.0394885540008545
55.95956039428711 -2.032320976257324
56.25474166870117 -2.024881601333618
56.57361602783203 -2.016845464706421
56.86435317993164 -2.0095181465148926
57.15584182739258 -2.0021719932556152
57.43387985229492 -1.995164394378662
57.707664489746094 -1.9882640838623047
57.998958587646484 -1.9809224605560303
58.24252700805664 -1.9747837781906128
58.4797477722168 -1.9688048362731934
58.75049591064453 -1.9619810581207275
58.98368835449219 -1.9561034440994263
59.22592544555664 -1.949998140335083
59.4604606628418 -1.9440866708755493
59.7026252746582 -1.9379825592041016
59.921531677246094 -1.932464838027954
60.156742095947266 -1.926536202430725
60.39365768432617 -1.9205645322799683
60.60460662841797 -1.9152473211288452
60.80684280395508 -1.9101499319076538
60.99274826049805 -1.9054641723632812
61.16950988769531 -1.9010087251663208
61.335262298583984 -1.896830439567566
61.49326705932617 -1.8928476572036743
61.62269973754883 -1.8895848989486694
61.7486686706543 -1.8864097595214844
61.86526870727539 -1.8834702968597412
61.96853256225586 -1.8808667659759521
62.05277633666992 -1.878743290901184
62.12309265136719 -1.8769705295562744
62.18132781982422 -1.875502109527588
62.22793960571289 -1.8743270635604858
62.26107406616211 -1.8734917640686035
62.28194808959961 -1.8729671239852905
62.28343200683594 -1.8729331493377686
62.28365707397461 -1.8729298114776611
62.28487777709961 -1.8728998899459839
62.286922454833984 -1.8728479146957397
62.28947448730469 -1.872782826423645
62.29206085205078 -1.8727166652679443
62.29462432861328 -1.8726508617401123
62.297157287597656 -1.8725860118865967
62.29966354370117 -1.8725221157073975
62.302268981933594 -1.8724558353424072
62.304866790771484 -1.8723901510238647
62.30725860595703 -1.872328758239746
62.30944061279297 -1.8722739219665527
62.31159591674805 -1.8722193241119385
62.31401062011719 -1.872158408164978
62.31637954711914 -1.872098684310913
62.31857681274414 -1.8720433712005615
62.32081985473633 -1.871986746788025
62.32307815551758 -1.8719298839569092
62.32536315917969 -1.8718721866607666
62.327484130859375 -1.8718186616897583
62.32975387573242 -1.871761441230774
62.33174133300781 -1.871711254119873
62.33366012573242 -1.8716628551483154
62.3336296081543 -1.8716638088226318
