-4.289999961853027 124.0199966430664
-4.289999961853027 124.0199966430664
-4.289999961853027 124.0199966430664
-4.289999961853027 124.0199966430664
-4.289999961853027 124.0199966430664
-4.289999961853027 124.0199966430664
-4.289999961853027 124.0199966430664
-4.289999961853027 124.0199966430664
-4.289999961853027 124.0199966430664
-4.289999961853027 124.0199966430664
-4.289999961853027 124.0199966430664
-4.289999961853027 124.0199966430664
-4.289999961853027 124.0199966430664
-4.289999961853027 124.0199966430664
-4.289999961853027 124.0199966430664
-4.289999961853027 124.0199966430664
-4.289999961853027 124.0199966430664
-4.289999961853027 124.0199966430664
-4.289999961853027 124.0199966430664
-4.289999961853027 124.0199966430664
-4.289999961853027 124.0199966430664
-4.289999961853027 124.0199966430664
-4.289999961853027 124.0199966430664
-4.289999961853027 124.0199966430664
-4.2900004386901855 124.01998901367188
-4.289937496185303 123.98910522460938
-4.2897820472717285 123.91240692138672
-4.289609909057617 123.80722045898438
-4.289459705352783 123.6795654296875
-4.289313793182373 123.51284790039062
-4.289188385009766 123.32927703857422
-4.289087295532227 123.15133666992188
-4.2889790534973145 122.95230865478516
-4.288859844207764 122.73433685302734
-4.288736343383789 122.50968170166016
-4.288583278656006 122.23558044433594
-4.288408279418945 121.9281005859375
-4.288238525390625 121.64060974121094
-4.2880539894104 121.33280944824219
-4.287856101989746 121.0068130493164
-4.287637710571289 120.65089416503906
-4.287428379058838 120.3112564086914
-4.287185192108154 119.91758728027344
-4.286930561065674 119.51029968261719
-4.286652565002441 119.0682601928711
-4.286355495452881 118.59867858886719
-4.2860822677612305 118.16822052001953
-4.285791397094727 117.71184539794922
-4.285472393035889 117.21429443359375
-4.28514289855957 116.70121765136719
-4.284797191619873 116.16537475585938
-4.284446716308594 115.62567901611328
-4.284084796905518 115.06841278076172
-4.283698558807373 114.47588348388672
-4.283347129821777 113.93907928466797
-4.282971382141113 113.36550903320312
-4.2825775146484375 112.76549530029297
-4.282151222229004 112.11736297607422
-4.2817158699035645 111.45697784423828
-4.281253814697266 110.75619506835938
-4.280790328979492 110.05354309082031
-4.280308246612549 109.32341766357422
-4.279849529266357 108.62862396240234
-4.279365062713623 107.89439392089844
-4.278895854949951 107.18291473388672
-4.278380870819092 106.40121459960938
-4.27791690826416 105.69656372070312
-4.277441501617432 104.9745864868164
-4.27693510055542 104.20503997802734
-4.276378154754639 103.35795593261719
-4.275848388671875 102.55023956298828
-4.2753071784973145 101.72466278076172
-4.274761199951172 100.89141082763672
-4.274197578430176 100.03053283691406
-4.273659706115723 99.2090835571289
-4.273138046264648 98.4120864868164
-4.272609710693359 97.60526275634766
-4.272068500518799 96.77794647216797
-4.27153205871582 95.95680236816406
-4.271071910858154 95.2525405883789
-4.270565986633301 94.47792053222656
-4.270120143890381 93.79399108886719
-4.269644260406494 93.06312561035156
-4.269148349761963 92.30050659179688
-4.268649578094482 91.53301239013672
-4.268181800842285 90.8124008178711
-4.267683029174805 90.04204559326172
-4.267158508300781 89.23125457763672
-4.266682147979736 88.49473571777344
-4.266172885894775 87.70518493652344
-4.265694618225098 86.96336364746094
-4.265182018280029 86.1668472290039
-4.264736652374268 85.47562408447266
-4.264255046844482 84.72764587402344
-4.263789653778076 84.00505065917969
-4.263307571411133 83.25676727294922
-4.262819290161133 82.49917602539062
-4.2623090744018555 81.70811462402344
-4.261816501617432 80.94487762451172
-4.2613654136657715 80.2444839477539
-4.260837554931641 79.4268569946289
-4.260361671447754 78.6898422241211
-4.259873390197754 77.9356689453125
-4.259372234344482 77.16231536865234
-4.258907318115234 76.44584655761719
-4.25848388671875 75.79364776611328
-4.258103847503662 75.07386016845703
-4.257950782775879 74.353271484375
-4.258091926574707 73.69573974609375
-4.258641719818115 72.97222900390625
-4.259652137756348 72.25697326660156
-4.261228084564209 71.53004455566406
-4.263324737548828 70.8304214477539
-4.266010284423828 70.14514923095703
-4.269283771514893 69.4733657836914
-4.273545742034912 68.74830627441406
-4.278480529785156 68.03414154052734
-4.283928394317627 67.344482421875
-4.290596961975098 66.59456634521484
-4.297723770141602 65.87171173095703
-4.306689739227295 65.04332733154297
-4.315516948699951 64.29718780517578
-4.324057579040527 63.629188537597656
-4.334526538848877 62.87123489379883
-4.345874309539795 62.1099853515625
-4.357985019683838 61.3533935546875
-4.3693528175354 60.68606948852539
-4.382166862487793 59.976497650146484
-4.395956516265869 59.25539779663086
-4.409346103668213 58.59293746948242
-4.424102783203125 57.90428161621094
-4.438959121704102 57.24989700317383
-4.456484794616699 56.52206802368164
-4.475522041320801 55.77749252319336
-4.495784759521484 55.03008270263672
-4.5170159339904785 54.28727722167969
-4.5362701416015625 53.64362335205078
-4.558863639831543 52.92085266113281
-4.581689834594727 52.22117233276367
-4.605824947357178 51.50999069213867
-4.631986618041992 50.76743698120117
-4.6562957763671875 50.09957504272461
-4.682929039001465 49.3887825012207
-4.711430072784424 48.64869689941406
-4.739415168762207 47.94074249267578
-4.764957904815674 47.31158447265625
-4.7930588722229 46.64175796508789
-4.8239359855651855 45.9366340637207
-4.856253623962402 45.2371711730957
-4.891909599304199 44.51552200317383
-4.925321102142334 43.88409423828125
-4.966200828552246 43.171112060546875
-5.011628150939941 42.443809509277344
-5.063081741333008 41.68706512451172
-5.119472503662109 40.92246627807617
-5.173103332519531 40.247398376464844
-5.232260704040527 39.551334381103516
-5.291940212249756 38.8916015625
-5.355172157287598 38.231903076171875
-5.42728853225708 37.524471282958984
-5.5065765380859375 36.795005798339844
-5.5825958251953125 36.136558532714844
-5.668015480041504 35.44509506225586
-5.748208522796631 34.838478088378906
-5.8457841873168945 34.15447235107422
-5.948057651519775 33.49087905883789
-6.053166389465332 32.857418060302734
-6.1842780113220215 32.12613296508789
-6.306549549102783 31.49340057373047
-6.479392051696777 30.667882919311523
-6.598719120025635 30.13833999633789
-6.748997211456299 29.51340103149414
-6.917754173278809 28.859886169433594
-7.11301326751709 28.16090965270996
-7.297226428985596 27.55068588256836
-7.509196758270264 26.900426864624023
-7.734826564788818 26.259035110473633
-7.966250419616699 25.646678924560547
-8.215575218200684 25.030458450317383
-8.478092193603516 24.4222412109375
-8.745600700378418 23.83867073059082
-9.016125679016113 23.280092239379883
-9.315969467163086 22.692646026611328
-9.60831356048584 22.146852493286133
-9.96536636352539 21.51122283935547
-10.299356460571289 20.94218635559082
-10.654921531677246 20.359115600585938
-10.988417625427246 19.82984733581543
-11.353737831115723 19.26643180847168
-11.713106155395508 18.725955963134766
-12.08632755279541 18.17645263671875
-12.426994323730469 17.683452606201172
-12.794272422790527 17.15894889831543
-13.160245895385742 16.6422119140625
-13.520524978637695 16.137920379638672
-13.90745735168457 15.599427223205566
-14.29487133026123 15.061684608459473
-14.630245208740234 14.595681190490723
-14.982851028442383 14.103239059448242
-15.349263191223145 13.58763313293457
-15.687358856201172 13.105828285217285
-16.04806900024414 12.584065437316895
-16.412277221679688 12.047561645507812
-16.764928817749023 11.516926765441895
-17.093904495239258 11.010398864746094
-17.42742347717285 10.48496150970459
-17.79584503173828 9.88790225982666
-18.089096069335938 9.398627281188965
-18.398868560791016 8.866175651550293
-18.6934871673584 8.341798782348633
-18.975339889526367 7.820526599884033
-19.264923095703125 7.260809898376465
-19.555389404296875 6.668214797973633
-19.824003219604492 6.084989070892334
-20.064102172851562 5.526240825653076
-20.29513168334961 4.943207740783691
-20.52420425415039 4.304494857788086
-20.70440101623535 3.7444145679473877
-20.864192962646484 3.188228130340576
-21.01816177368164 2.575921058654785
-21.142580032348633 1.9962202310562134
-21.249284744262695 1.397438883781433
-21.332563400268555 0.8128324747085571
-21.397262573242188 0.20746996998786926
-21.437885284423828 -0.35809406638145447
-21.460126876831055 -0.930290937423706
-21.463485717773438 -1.5138649940490723
-21.445207595825195 -2.156876802444458
-21.404422760009766 -2.7919912338256836
-21.345462799072266 -3.388615608215332
-21.26799964904785 -3.9703831672668457
-21.16049575805664 -4.608417510986328
-21.04319953918457 -5.179628372192383
-20.90336799621582 -5.762911319732666
-20.736522674560547 -6.36696720123291
-20.567731857299805 -6.908072471618652
-20.375469207763672 -7.464016437530518
-20.172237396240234 -7.999960899353027
-19.925100326538086 -8.597588539123535
-19.6910343170166 -9.119599342346191
-19.431676864624023 -9.659393310546875
-19.165283203125 -10.17788028717041
-18.858121871948242 -10.739424705505371
-18.59027099609375 -11.201419830322266
-18.259504318237305 -11.741494178771973
-17.916976928710938 -12.269227981567383
-17.563068389892578 -12.785061836242676
-17.18328285217285 -13.30976390838623
-16.82439613342285 -13.781442642211914
-16.45948028564453 -14.240030288696289
-16.052274703979492 -14.7296142578125
-15.650043487548828 -15.192127227783203
-15.18896770477295 -15.698488235473633
-14.78158187866211 -16.125865936279297
-14.36159610748291 -16.547964096069336
-13.914983749389648 -16.977140426635742
-13.474068641662598 -17.380563735961914
-13.01905632019043 -17.776187896728516
-12.586235046386719 -18.133556365966797
-12.147039413452148 -18.478073120117188
-11.659927368164062 -18.839982986450195
-11.125558853149414 -19.21294593811035
-10.68110466003418 -19.504833221435547
-10.210200309753418 -19.79632568359375
-9.696646690368652 -20.093997955322266
-9.168143272399902 -20.380043029785156
-8.657670974731445 -20.636760711669922
-8.124155044555664 -20.885570526123047
-7.5582499504089355 -21.129018783569336
-6.981205940246582 -21.35568618774414
-6.43642520904541 -21.549718856811523
-5.8985772132873535 -21.723051071166992
-5.3727030754089355 -21.87502670288086
-4.800485134124756 -22.020071029663086
-4.233843803405762 -22.143083572387695
-3.705057382583618 -22.23964500427246
-3.1107335090637207 -22.32757568359375
-2.5751864910125732 -22.38799285888672
-2.0046818256378174 -22.433143615722656
-1.46865713596344 -22.458059310913086
-0.8715479969978333 -22.466176986694336
-0.21710212528705597 -22.45097541809082
0.4067651629447937 -22.41343879699707
0.9841811656951904 -22.358259201049805
1.5236939191818237 -22.289398193359375
2.07218337059021 -22.202341079711914
2.635162830352783 -22.095422744750977
3.157188653945923 -21.980815887451172
3.725490093231201 -21.838970184326172
4.30087947845459 -21.677762985229492
4.909420967102051 -21.48732566833496
5.469498634338379 -21.29378318786621
6.016110897064209 -21.088685989379883
6.574249744415283 -20.863468170166016
7.130161762237549 -20.623178482055664
7.717153072357178 -20.35224151611328
8.349408149719238 -20.04042625427246
8.871541976928711 -19.766986846923828
9.40898609161377 -19.470294952392578
9.946799278259277 -19.157041549682617
10.440286636352539 -18.85479736328125
10.932357788085938 -18.53952407836914
11.393671989440918 -18.23127555847168
11.86705493927002 -17.901830673217773
12.346452713012695 -17.55430030822754
12.825671195983887 -17.192350387573242
13.268013954162598 -16.844758987426758
13.729480743408203 -16.46708869934082
14.167497634887695 -16.093748092651367
14.574854850769043 -15.73226547241211
15.005305290222168 -15.333740234375
15.4349365234375 -14.917023658752441
15.898530006408691 -14.443782806396484
16.29738426208496 -14.01483154296875
16.722881317138672 -13.533452987670898
17.094934463500977 -13.08971118927002
17.473663330078125 -12.6150484085083
17.851543426513672 -12.115375518798828
18.189550399780273 -11.643506050109863
18.53074073791504 -11.1419677734375
18.84174919128418 -10.659208297729492
19.144386291503906 -10.163348197937012
19.45456314086914 -9.625730514526367
19.708152770996094 -9.16024398803711
19.986858367919922 -8.61741828918457
20.252519607543945 -8.062919616699219
20.49191665649414 -7.525275230407715
20.704402923583984 -7.011478900909424
20.918193817138672 -6.449879169464111
21.090444564819336 -5.953666687011719
21.26318359375 -5.403456687927246
21.408205032348633 -4.888045787811279
21.54666519165039 -4.3307390213012695
21.65285873413086 -3.8425633907318115
21.76784324645996 -3.220065116882324
21.84748649597168 -2.692573070526123
21.916385650634766 -2.1119136810302734
21.963911056518555 -1.5624139308929443
21.996200561523438 -0.9691705107688904
22.00841522216797 -0.3697180151939392
22.00054359436035 0.20209811627864838
21.97468376159668 0.7631614804267883
21.93341827392578 1.2998250722885132
21.875995635986328 1.838253140449524
21.801584243774414 2.3848228454589844
21.711801528930664 2.9283993244171143
21.60482406616211 3.4800865650177
21.477046966552734 4.053094863891602
21.340444564819336 4.596989154815674
21.193920135498047 5.124243259429932
21.03318977355957 5.652726173400879
20.850196838378906 6.206002712249756
20.67664337158203 6.694707870483398
20.4747257232666 7.228066444396973
20.26288604736328 7.755400657653809
20.029632568359375 8.30527400970459
19.82856559753418 8.758699417114258
19.603525161743164 9.247296333312988
19.37350845336914 9.729344367980957
19.153825759887695 10.175774574279785
18.9062557220459 10.664587020874023
18.638391494750977 11.178913116455078
18.391992568969727 11.640849113464355
18.144559860229492 12.095617294311523
17.90538215637207 12.527897834777832
17.63135528564453 13.015612602233887
17.351579666137695 13.506501197814941
17.09107208251953 13.958206176757812
16.81977653503418 14.42416000366211
16.54566192626953 14.891176223754883
16.266138076782227 15.364337921142578
15.998762130737305 15.814688682556152
15.729157447814941 16.2670955657959
15.4618558883667 16.714412689208984
15.1880464553833 17.171789169311523
14.927865028381348 17.60603141784668
14.649919509887695 18.07005500793457
14.36290168762207 18.549903869628906
14.074115753173828 19.03400993347168
13.800820350646973 19.494457244873047
13.535550117492676 19.944448471069336
13.263311386108398 20.41025733947754
12.985347747802734 20.891033172607422
12.689929008483887 21.409086227416992
12.421310424804688 21.887662887573242
12.141593933105469 22.395648956298828
11.891350746154785 22.859909057617188
11.64323616027832 23.33135986328125
11.39195728302002 23.822093963623047
11.142373085021973 24.324777603149414
10.907929420471191 24.812772750854492
10.68419075012207 25.29490852355957
10.47164249420166 25.76901626586914
10.260499000549316 26.257570266723633
10.058481216430664 26.74382209777832
9.86012077331543 27.241783142089844
9.673063278198242 27.732440948486328
9.479242324829102 28.265695571899414
9.308953285217285 28.75737190246582
9.14719009399414 29.247215270996094
8.996489524841309 29.725425720214844
8.849574089050293 30.214357376098633
8.718317985534668 30.672121047973633
8.58425521850586 31.162311553955078
8.43415641784668 31.741762161254883
8.304960250854492 32.268856048583984
8.192890167236328 32.749595642089844
8.08209228515625 33.24880599975586
7.977267265319824 33.744773864746094
7.87047815322876 34.276302337646484
7.77115535736084 34.7971076965332
7.682740688323975 35.2838134765625
7.590867519378662 35.81578063964844
7.511388778686523 36.30019760131836
7.437831401824951 36.770450592041016
7.362545490264893 37.27638244628906
7.29543399810791 37.75106430053711
7.228034973144531 38.25275421142578
7.166800498962402 38.732784271240234
7.107912540435791 39.21974182128906
7.051482200622559 39.7122802734375
6.995672225952148 40.22844314575195
6.94328498840332 40.74265670776367
6.898589134216309 41.20738983154297
6.85152006149292 41.72837448120117
6.806844234466553 42.25699996948242
6.766556262969971 42.76760482788086
6.726842403411865 43.31007766723633
6.692548751831055 43.814876556396484
6.662006855010986 44.29923629760742
6.632263660430908 44.80917739868164
6.6036529541015625 45.34397506713867
6.579648971557617 45.834754943847656
6.555716514587402 46.37263870239258
6.534531593322754 46.90053939819336
6.515664100646973 47.42527770996094
6.49852991104126 47.96059036254883
6.483754634857178 48.48320388793945
6.47086763381958 49.0040283203125
6.459975242614746 49.51060104370117
6.450958251953125 49.99648666381836
6.442736625671387 50.52067947387695
6.435866355895996 51.05389404296875
6.4306640625 51.55885696411133
6.427030086517334 52.015506744384766
6.424009323120117 52.531883239746094
6.4220733642578125 53.06359100341797
6.421269416809082 53.5733528137207
6.4213995933532715 54.070945739746094
6.422463893890381 54.59721374511719
6.4241943359375 55.07493209838867
6.426698684692383 55.56885528564453
6.430153846740723 56.09999084472656
6.434206485748291 56.614715576171875
6.439037322998047 57.14360809326172
6.444350242614746 57.65925598144531
6.450112819671631 58.166038513183594
6.455958843231201 58.63959884643555
6.462278842926025 59.1171989440918
6.469550609588623 59.63105392456055
6.476737976074219 60.10867691040039
6.4843058586120605 60.58576965332031
6.49214506149292 61.0567512512207
6.500868320465088 61.55668258666992
6.5098748207092285 62.051063537597656
6.519387245178223 62.5525016784668
6.5289506912231445 63.03758239746094
6.5398406982421875 63.57004928588867
6.550144672393799 64.05679321289062
6.56030797958374 64.52208709716797
6.572142124176025 65.04753112792969
6.583301067352295 65.52882385253906
6.594700336456299 66.00732421875
6.6074371337890625 66.5274887084961
6.618812561035156 66.98059844970703
6.631178379058838 67.46263885498047
6.644975662231445 67.98793029785156
6.657787322998047 68.46514129638672
6.670371055603027 68.92473602294922
6.68450927734375 69.43135070800781
6.698715686798096 69.9311294555664
6.713895797729492 70.45561981201172
6.7286529541015625 70.95699310302734
6.745798587799072 71.52986907958984
6.760814666748047 72.02420806884766
6.776885986328125 72.5462646484375
6.7928032875061035 73.05693054199219
6.807679176330566 73.52908325195312
6.8235626220703125 74.02813720703125
6.839676380157471 74.5296859741211
6.85651159286499 75.04914093017578
6.87205171585083 75.52493286132812
6.886880397796631 75.97586822509766
6.90274715423584 76.45563507080078
6.918529510498047 76.9302749633789
6.93644905090332 77.46636962890625
6.953073501586914 77.96138763427734
6.969670295715332 78.45365905761719
6.986162185668945 78.94120788574219
7.003652095794678 79.45677185058594
7.019786357879639 79.93113708496094
7.035902976989746 80.40404510498047
7.052300930023193 80.8843994140625
7.070873260498047 81.42762756347656
7.088160037994385 81.93266296386719
7.104732990264893 82.41645050048828
7.12091064453125 82.88845825195312
7.137737274169922 83.3792724609375
7.1541571617126465 83.85813903808594
7.170267105102539 84.32798767089844
7.186119079589844 84.7904052734375
7.201566219329834 85.24114227294922
7.216602802276611 85.68006896972656
7.23331880569458 86.16826629638672
7.249632835388184 86.64498901367188
7.2648234367370605 87.08915710449219
7.279780864715576 87.52676391601562
7.2973198890686035 88.040283203125
7.313849449157715 88.52462005615234
7.330759525299072 89.0205078125
7.347025394439697 89.49784851074219
7.363874435424805 89.99269104003906
7.379520893096924 90.4525375366211
7.395107746124268 90.91097259521484
7.411384582519531 91.38999938964844
7.428071022033691 91.88148498535156
7.444125175476074 92.35460662841797
7.460856914520264 92.84800720214844
7.477150917053223 93.32866668701172
7.493653774261475 93.81574249267578
7.508846759796143 94.26427459716797
7.524224758148193 94.71846771240234
7.539551258087158 95.17130279541016
7.554839134216309 95.62320709228516
7.571061611175537 96.10301208496094
7.586349964141846 96.55547332763672
7.6017937660217285 97.01277923583984
7.617946624755859 97.49118041992188
7.632577896118164 97.9246597290039
7.647996425628662 98.38153076171875
7.664692401885986 98.87633514404297
7.681024074554443 99.3604736328125
7.6966400146484375 99.823486328125
7.711342811584473 100.2492446899414
7.7283244132995605 100.74305725097656
7.744832515716553 101.22947692871094
7.759629249572754 101.6688232421875
7.773967266082764 102.09648895263672
7.7892584800720215 102.55372619628906
7.804711818695068 103.01626586914062
7.819549560546875 103.4715576171875
7.833431720733643 103.8958969116211
7.849053382873535 104.35763549804688
7.86445951461792 104.81143951416016
7.87879753112793 105.23513793945312
7.893086910247803 105.65825653076172
7.907918453216553 106.09803771972656
7.922382831573486 106.52725219726562
7.937244892120361 106.96847534179688
7.952023983001709 107.41188049316406
7.967410564422607 107.87808227539062
7.9827117919921875 108.33641052246094
7.998390197753906 108.80265045166016
8.012166976928711 109.21060943603516
8.028213500976562 109.68450927734375
8.042960166931152 110.11942291259766
8.058492660522461 110.57721710205078
8.073101997375488 111.00784301757812
8.086987495422363 111.41719818115234
8.101873397827148 111.85631561279297
8.117085456848145 112.3052978515625
8.132266998291016 112.75369262695312
8.147522926330566 113.20452880859375
8.162734985351562 113.65431213378906
8.17696475982666 114.07523345947266
8.191093444824219 114.49337768554688
8.205955505371094 114.93340301513672
8.2207612991333 115.37187194824219
8.235525131225586 115.80921936035156
8.250069618225098 116.24019622802734
8.265625 116.70115661621094
8.280821800231934 117.15152740478516
8.296339988708496 117.611572265625
8.311389923095703 118.05775451660156
8.326247215270996 118.49822998046875
8.340252876281738 118.91354370117188
8.354447364807129 119.33448028564453
8.370203971862793 119.80174255371094
8.38492202758789 120.23829650878906
8.399986267089844 120.68510437011719
8.415464401245117 121.14424896240234
8.430621147155762 121.59397888183594
8.447062492370605 122.08203125
8.460236549377441 122.47311401367188
8.476829528808594 122.96603393554688
8.493481636047363 123.46109008789062
8.50820255279541 123.89859771728516
8.522149085998535 124.31299591064453
8.536908149719238 124.75151062011719
8.551736831665039 125.19210052490234
8.566399574279785 125.62773895263672
8.582545280456543 126.10750579833984
8.595498085021973 126.49232482910156
8.609514236450195 126.90876007080078
8.624155044555664 127.34432983398438
8.63707160949707 127.7284927368164
8.651324272155762 128.15228271484375
8.668848037719727 128.67330932617188
8.684814453125 129.14804077148438
8.699789047241211 129.59327697753906
8.713785171508789 130.0094451904297
8.728253364562988 130.43966674804688
8.744277000427246 130.9161834716797
8.759501457214355 131.36900329589844
8.772858619689941 131.766357421875
